100
14 8 10 6 12 8 13 10 8 14 6 8 12 14 7 10 8 9 8 6 5 9 10 7 12 17 9 11 8 12 6 9 4 10 7 16 11 8 10 9 10 12 15 13 13 7 6 10 8 11 13 8 10 8 6 16 7 17 8 9 8 10 11 16 7 9 12 9 11 7 17 11 11 9 13 13 13 10 8 8 11 11 9 11 11 13 12 13 17 22 4 6 8 13 10 8 8 13 10 11
1 7 12 16 23 42 48 60 62 67 70 86 88 93
9 10 30 32 79 84 97 99
10 19 22 28 37 59 69 71 80 92
8 12 21 36 39 82
6 8 11 18 21 45 53 59 60 63 68 79
4 5 7 22 52 78 79 99
12 18 25 28 37 60 65 66 89 90 91 93 95
6 7 17 20 48 57 65 72 84 92
3 9 15 23 42 72 78 89
10 13 14 16 18 24 30 36 45 46 47 76 77 93
5 19 26 64 79 85
12 22 51 53 54 57 66 76
6 8 53 66 69 75 76 79 83 85 89 94
2 11 22 23 26 32 46 56 70 72 78 81 83 89
4 26 32 55 76 93 97
9 35 38 49 57 67 69 77 83 98
4 6 48 59 63 71 78 84
3 8 38 70 80 89 91 95 97
5 17 34 39 45 72 80 96
14 56 67 80 92 97
12 45 72 86 87
1 9 12 13 24 46 58 64 76
5 9 25 27 42 59 62 89 92 99
49 60 64 74 80 96 100
7 10 19 32 35 41 47 57 64 92 93 97
1 11 20 26 29 30 33 39 42 51 54 55 61 69 77 83 86
6 11 14 32 38 71 74 86 96
4 13 14 19 21 38 47 57 78 91 100
1 7 33 62 84 87 90 94
2 17 38 45 58 68 73 75 76 77 93 97
26 34 36 44 45 61
6 46 47 51 53 63 83 92 99
27 34 38 96
24 26 27 44 64 65 78 80 86 88
18 19 24 40 93 95 99
4 5 7 12 17 23 28 36 39 49 53 57 65 73 75 98
3 4 21 28 36 50 54 72 74 76 90
10 35 49 59 72 73 79 80
7 15 19 22 28 30 35 55 83 99
5 27 32 44 51 52 61 87 89
3 6 9 16 17 21 40 89 91 96
7 11 12 27 38 54 59 69 82 84 90 98
10 11 32 34 53 54 57 60 63 70 77 81 92 93 99
5 10 14 29 31 35 44 45 50 68 75 77 95
14 20 32 35 36 48 55 59 62 80 83 87 91
1 26 44 56 80 83 96
5 18 37 72 80 97
5 28 33 45 49 51 70 77 80 89
7 15 39 50 69 91 92 95
13 16 19 23 46 58 75 76 83 89 99
7 9 10 14 27 30 39 43 46 52 57 69 73
35 39 69 83 84 85 97 100
17 32 35 36 37 40 49 66 68 95
19 36 59 62 71 73 89 92
1 23 47 56 76 96
1 10 21 28 34 38 43 47 50 52 55 72 75 76 87 93
7 21 34 48 50 62 100
1 7 24 29 31 51 55 56 59 72 75 76 84 87 91 93 97
2 21 28 29 37 41 43 57
1 6 14 20 47 55 60 74 82
4 6 19 30 43 54 69 99
9 19 29 41 55 56 61 75 94 98
2 3 10 15 49 61 66 73 74 83 86
5 14 26 40 43 45 56 61 69 70 76 77 80 87 93 94
8 15 16 47 62 80 83
4 8 30 37 55 64 72 80 100
13 24 30 35 47 51 56 57 64 83 84 100
6 7 36 41 47 53 73 85 100
2 7 13 15 35 36 44 62 69 84 100
23 30 36 64 78 79 87
2 8 18 24 25 26 27 30 35 59 61 66 71 89 96 97 100
7 35 36 49 59 62 66 75 76 81 84
19 26 33 51 55 61 69 73 79 84 87
33 41 46 59 60 66 71 84 98
5 9 17 20 21 28 41 46 56 76 77 88 97
4 11 15 22 30 34 39 44 50 52 53 74 78
3 4 6 9 15 26 39 43 44 65 67 88 99
12 17 19 51 62 64 66 90 96 100
10 25 45 51 60 63 86 87
5 13 19 24 25 37 85 96
8 11 15 21 25 35 37 52 56 70 81
5 12 17 29 40 46 60 69 76 85 93
18 26 27 38 44 45 48 70 88
9 11 23 24 33 34 54 62 67 90 96
18 28 48 50 58 61 70 77 90 96 98
2 3 6 15 16 27 35 36 75 82 92 93 99
6 25 34 37 39 41 44 66 67 80 85 97
13 17 19 23 29 46 47 48 66 70 86 94 95
14 21 23 30 32 35 36 39 47 51 59 71 82 90 92 94 99
2 6 11 13 17 18 19 23 28 32 39 41 48 51 54 55 61 67 71 83 87 88
68 78 85 96
10 37 41 72 96 97
4 5 23 28 37 42 66 80
3 4 10 39 41 46 55 58 63 64 92 96 99
7 34 45 54 70 72 76 89 91 95
6 36 64 69 73 76 88 96
3 29 44 47 59 81 84 88
12 18 31 37 40 51 56 64 69 71 78 93 96
4 6 8 14 43 48 49 74 75 92
19 42 45 48 51 64 70 71 73 78 94
-3 -5 0 0 0 0 0 1 0 0 0 0 0 0 0 0 5 0 -2 0 4 0 0 0 0 -3 3 3 0 0 0 0 0 0 3 0 0 0 0 0 0 0 0 0 0 0 0 0 0 -3 3 0 0 0 0 0 0 0 0 0 0 -2 0 0 0 0 0 2 -4 0 4 4 0 5 0 0 0 0 0 0 5 0 0 0 4 0 0 5 0 -1 0 0 0 0 -5 0 0 -5 0 0
8 0 0 -1 0 0 0 0 0 0 -2 0 0 0 0 -5 0 0 0 4 0 0 0 0 0 0 0 0 0 0 0 0 1 0 -3 1 0 -4 -5 0 0 0 -2 0 0 0 0 0 0 0 0 0 0 0 0 0 0 0 0 0 0 0 0 0 -3 0 0 0 0 0 0 5 0 2 0 0 0 0 0 0 0 5 0 0 0 0 0 -5 0 0 0 0 0 0 0 -5 0 -3 1
-8 0 0 -2 0 1 0 0 0 -1 0 0 0 0 0 0 -1 -3 0 0 0 0 0 0 0 0 0 1 0 0 0 0 0 -5 0 4 0 0 0 0 -3 0 0 0 2 0 4 0 0 0 0 -1 0 0 0 0 0 0 0 0 0 -5 0 0 0 0 0 0 2 0 0 5 0 0 0 0 0 0 -2 -2 0 0 0 0 5 0 0 -3 0 0 0 3 0 0 -3 0 0 0
9 0 0 0 0 -2 0 0 0 0 0 -3 0 -5 0 0 0 0 0 0 0 0 0 0 0 0 0 1 0 0 0 0 0 0 0 0 0 0 0 0 0 0 0 -1 0 0 1 0 0 0 0 -5 0 0 0 0 0 -1 0 0 0 0 0 0 0 1 0 0 0 0 0 0 -3 0 0 4 -2 -1 0 0 0 -1 0 0 1 -2 0 -5 0 0 0 0 0 4 0 0 0
-7 4 -2 0 0 0 0 0 0 0 0 0 0 0 -5 -4 0 0 0 5 3 0 0 2 2 0 0 2 0 0 0 1 0 0 0 -5 0 0 0 -1 0 0 0 0 5 0 0 0 -2 0 0 0 0 0 0 0 3 0 4 0 0 -3 0 0 0 3 0 0 0 0 0 0 0 0 0 0 0 -1 0 0 5 0 2 1 0 -5 0 0 0 3 0 0 1 0 0 -2
9 0 -5 0 0 0 0 0 0 1 0 0 -5 0 -5 0 0 0 0 0 0 0 0 0 0 0 -1 0 0 0 -1 0 0 0 0 0 0 0 0 0 0 -1 0 0 0 0 5 0 1 0 0 0 -3 0 0 0 0 0 5 0 -4 0 0 5 0 0 0 0 0 -1 0 0 0 0 0 0 0 1 0 0 0 -3 0 0 0 0 -3 0 0 0 0 0 0 4 0
7 0 0 0 0 0 4 0 0 0 0 0 0 1 0 -1 -4 0 0 0 0 0 0 -4 -1 2 0 0 0 1 0 5 0 1 0 0 -2 0 0 0 0 -3 -5 0 0 0 0 0 0 0 -1 -5 -4 0 0 0 0 3 0 0 0 0 -3 0 5 0 0 0 0 0 0 0 0 0 0 0 0 0 0 0 0 0 0 -3 0 0 1 0 0 0 0 0 0 0
-7 -3 0 0 0 0 0 0 -5 3 0 0 0 0 0 0 0 -3 0 -5 0 0 0 0 0 4 0 1 0 0 -4 -2 0 0 0 0 4 0 3 0 0 -3 0 0 0 1 0 0 0 -3 0 0 0 0 -4 0 0 -3 -2 2 0 0 0 -4 0 0 3 2 -1 0 0 -1 0 0 0 -1 0 0 0 0 -5 0 0 0 0 0 -5 0 0 0 0 0 0
4 0 0 0 0 0 0 -1 0 0 0 0 -4 0 0 0 0 0 -2 0 0 0 0 0 0 0 0 0 -5 0 -1 0 0 0 0 0 0 0 0 2 0 0 0 0 0 0 -1 0 0 2 0 0 4 0 5 3 -5 4 0 0 -5 0 1 0 0 0 0 0 0 0 0 0 0 0 -4 0 0 0 0 0 0 0 0 0 0 0 0 0 5 0 0 0
2 0 0 0 0 4 4 0 0 0 0 0 1 0 0 0 0 0 0 0 -3 -4 0 0 0 0 0 1 0 0 -5 0 0 0 0 0 0 3 0 0 0 0 0 0 0 0 0 0 0 0 0 0 0 0 0 0 0 0 0 0 0 4 0 4 0 0 0 2 0 0 0 0 0 -5 0 0 -1 0 0 0 0 0 0 0 0 1 0 0 0 5 0
-3 0 -5 0 0 0 0 0 0 0 0 0 0 0 0 0 0 0 3 0 -1 0 0 0 0 0 0 0 0 0 0 -4 0 0 0 0 -1 0 0 -1 0 0 2 1 -1 0 0 4 2 0 0 0 1 0 0 0 0 0 0 0 0 -3 0 2 0 0 0 0 0 -2 1 0 0 0 0 0 0 0 0 0 3 -2 0 0 5 4 0 0 0 0
1 0 0 0 0 0 -3 -2 0 0 0 0 5 0 0 0 0 -3 0 0 0 0 5 0 -4 0 -1 0 0 0 0 0 0 0 0 0 0 0 0 0 -4 0 0 -1 0 0 0 0 0 0 0 -2 0 2 0 0 0 2 -4 0 0 1 0 -3 0 0 -1 0 0 0 0 0 0 0 -4 0 2 0 -3 3 0 0 0 0 0 0 0 0 0
10 0 0 0 0 0 0 5 0 0 0 0 0 0 -3 0 0 0 0 0 -4 0 0 0 0 5 0 0 0 0 0 3 -4 0 0 0 0 0 0 -5 0 0 0 5 0 0 0 0 -3 0 0 0 1 5 0 -3 0 0 0 0 0 0 0 0 0 0 -1 0 -1 -1 1 0 0 0 -3 0 0 0 0 0 0 0 0 5 0 0 0 0
9 0 0 0 0 0 0 -1 0 0 0 0 0 0 0 0 0 0 0 0 0 0 0 0 0 0 -1 0 -5 0 0 0 0 0 0 0 1 2 -5 0 0 -5 0 0 0 0 0 0 -4 0 -2 0 -4 0 0 0 -5 0 1 0 4 0 0 0 0 0 0 -2 0 0 0 0 0 2 0 0 0 0 0 -3 0 0 0 0 0 0 0
-3 0 0 0 0 0 0 0 0 4 0 0 0 0 0 1 0 1 0 0 0 0 4 0 0 0 5 0 0 0 0 -1 0 0 0 0 2 0 0 0 5 0 -1 0 0 0 -4 1 0 0 0 0 -3 0 0 4 0 0 0 -4 0 0 0 0 0 0 0 0 5 0 0 0 -1 -1 0 0 2 0 0 4 0 0 0 5 0 1
2 0 0 0 0 0 0 0 0 0 0 0 0 0 0 4 0 1 -3 0 0 0 0 1 0 0 -3 2 0 0 5 0 0 0 0 0 -2 0 0 -1 0 1 0 -5 2 0 0 5 0 -3 -3 0 0 0 0 -1 0 -2 0 0 0 0 -1 -4 0 0 0 0 0 0 0 0 0 -2 0 0 0 0 0 0 0 0 0 0 5
-4 0 0 0 2 0 0 -3 0 0 3 2 0 0 0 1 0 0 0 0 4 0 0 4 0 0 -4 0 0 0 0 -1 0 0 0 0 0 -4 -2 -4 4 0 0 0 0 -5 0 0 -5 -1 0 0 0 0 0 0 0 0 0 -1 0 0 3 0 0 0 1 0 0 0 0 0 0 0 0 0 0 0 0 0 4 0 0 0
-4 0 0 0 -1 0 0 0 0 0 0 0 0 0 0 -1 0 0 0 0 0 0 4 0 0 0 0 0 0 4 0 0 0 3 0 -3 5 1 4 -2 0 -5 3 0 0 0 0 0 -2 0 0 0 1 1 0 0 0 0 0 0 0 0 0 5 0 0 0 0 0 0 0 -1 0 0 -1 0 -3 4 -2 0 0 0 0
-7 0 0 4 0 0 0 0 0 -1 0 0 0 0 0 0 0 -2 0 0 2 0 0 0 0 0 0 0 3 0 0 4 0 0 0 0 0 0 0 0 0 -1 0 0 0 0 0 0 0 0 0 0 0 -2 0 0 0 1 0 0 0 0 1 0 0 1 0 0 -3 0 0 0 0 0 1 0 0 3 0 0 0 0
-4 1 3 0 0 1 0 0 -1 0 -1 -4 0 0 0 0 0 0 0 -4 0 0 -5 0 0 -5 0 0 0 0 0 0 0 0 0 0 0 0 0 0 0 0 0 0 4 0 3 0 3 0 0 0 0 0 0 0 0 0 0 0 0 0 0 -3 0 2 0 0 0 0 5 0 0 0 0 4 0 0 0 0 0
-2 0 0 5 -4 0 0 0 0 0 0 0 0 0 3 0 0 -4 0 -2 0 0 -2 0 0 0 0 0 0 0 1 0 0 0 0 0 0 -3 0 0 0 0 0 0 -4 0 0 0 0 0 1 0 0 2 0 -5 5 0 0 0 -3 0 1 0 0 0 0 0 0 0 -5 0 0 0 0 -2 0 0 0 0
7 0 0 0 0 0 0 0 -1 0 0 0 0 0 1 2 0 0 0 0 0 0 0 0 0 0 0 0 0 0 0 3 0 0 0 0 0 0 0 0 0 0 0 -4 0 0 0 0 0 0 0 0 0 0 0 0 0 0 3 -1 -3 0 0 -1 0 0 0 -2 0 -2 0 0 5 -4 0 0 0 0 0
-5 -3 0 0 0 5 0 0 1 0 0 0 0 0 0 0 0 0 -1 0 -5 0 2 0 0 0 0 0 0 0 0 0 0 0 -1 0 0 0 1 0 0 0 0 0 -1 0 0 0 0 0 5 0 0 0 -3 0 0 0 0 -5 0 0 0 2 0 0 0 0 0 1 0 -3 0 1 0 0 0 4
-10 -1 0 0 0 0 0 0 0 0 1 0 0 0 -5 0 0 0 0 0 0 0 0 0 4 0 0 0 0 0 0 0 -5 0 1 0 0 0 0 0 0 0 -2 -2 0 -1 0 0 0 0 1 -1 -5 0 0 0 0 0 0 0 0 0 0 1 -3 0 2 0 0 0 0 0 4 0 0 0 0
9 0 0 0 0 0 0 0 2 0 0 0 0 -3 0 1 -1 3 -3 0 -3 0 0 -3 0 1 0 0 0 -2 0 0 0 0 0 0 0 -3 0 0 4 0 0 0 0 0 0 -1 0 0 0 0 0 0 0 -3 0 2 0 0 0 0 0 0 -5 4 0 0 0 0 0 0 0 0 -2 0
1 0 0 -1 0 0 0 0 0 0 0 1 0 0 0 0 0 0 3 0 0 -5 0 0 -1 0 0 0 0 0 0 0 1 -3 0 0 0 0 0 1 0 0 0 -5 0 -1 0 0 0 0 -5 0 0 0 0 0 0 0 0 0 0 0 0 0 0 -1 -2 0 0 0 0 0 0 0 0
-1 0 0 -2 0 0 4 -3 -3 0 -1 0 -5 5 5 0 0 -1 0 0 0 -1 0 0 0 0 0 0 -2 0 0 0 0 2 0 3 0 0 0 -1 4 0 0 0 0 0 0 2 0 0 0 0 3 2 0 0 0 0 0 4 0 0 2 0 0 0 0 2 0 -3 0 0 0 0
-1 0 0 1 0 0 -1 0 0 0 0 0 0 -5 0 0 0 0 0 0 0 0 0 5 0 -4 0 0 0 0 0 0 0 0 0 0 0 0 0 -1 0 -3 4 0 0 0 5 0 0 0 0 0 0 0 0 0 0 0 5 0 0 0 0 -5 0 0 0 0 0 0 0 0 2
-4 0 0 -4 5 2 0 1 0 0 0 0 0 -5 0 4 1 -1 -2 -1 0 0 0 0 0 0 0 -5 0 0 0 0 0 -1 0 0 0 0 -2 0 2 0 0 -2 1 0 0 0 0 0 -1 0 1 0 0 0 4 0 0 3 0 0 0 0 0 0 0 4 0 0 5 3
-3 0 0 0 0 0 0 0 0 -1 0 0 0 5 0 0 0 0 3 0 0 -2 0 0 0 0 -1 0 0 -1 0 0 0 0 0 0 4 0 0 0 0 0 0 -2 0 0 0 0 0 0 0 0 -5 0 0 1 -4 0 0 0 0 5 0 0 0 2 0 0 -1 0 0
9 0 0 0 0 4 0 0 0 0 0 0 1 0 0 5 0 2 0 0 0 0 0 0 0 0 0 0 0 0 0 0 0 0 0 0 0 0 0 0 0 0 0 0 0 0 0 0 0 0 0 -1 0 2 5 0 0 0 0 0 0 0 1 0 0 0 0 -3 0 0
9 0 0 -1 0 0 -3 0 0 0 0 0 0 0 0 0 -4 2 0 -4 4 0 0 0 0 0 0 -5 0 1 3 -1 0 0 0 0 0 0 0 0 -1 0 0 0 0 -5 0 0 0 0 0 0 0 0 0 0 0 0 0 0 0 0 2 0 0 0 0 -3 0
9 0 0 -1 0 3 0 -4 0 0 0 5 1 0 0 0 5 0 -3 3 0 -5 0 4 1 0 0 0 0 0 1 0 -2 0 -3 0 0 0 0 0 -3 0 0 0 0 0 0 0 0 0 2 -3 0 0 0 0 2 -3 0 1 0 0 0 0 0 0 0 -3
-1 0 1 -2 0 5 0 2 0 0 0 0 3 0 0 0 0 0 0 2 0 0 0 0 0 -4 0 0 0 0 0 3 0 0 0 0 -5 0 0 0 0 0 0 0 0 0 0 0 0 0 0 0 0 0 0 1 0 0 0 0 -1 0 1 0 0 0 0
5 0 -5 0 0 0 5 4 0 0 0 0 0 -3 -3 0 1 0 0 0 0 0 0 0 0 0 0 0 0 0 2 0 0 -4 0 0 -1 0 0 0 0 0 0 -4 0 0 0 0 1 1 0 0 5 1 0 0 0 0 -3 0 0 0 0 0 0 0
-9 0 2 0 0 0 0 0 0 4 0 2 0 0 0 0 0 0 0 0 0 0 0 -5 0 0 0 5 0 0 0 -2 0 0 0 0 0 0 0 0 0 0 0 -5 3 0 -2 0 0 0 0 0 -3 0 0 0 0 0 0 0 -5 0 0 0 0
-5 0 0 0 -4 0 0 0 0 0 0 2 0 0 0 0 -3 0 0 0 0 0 0 5 -2 0 0 -1 0 0 0 0 -1 0 0 0 0 4 0 2 0 -2 0 0 0 -4 2 0 0 0 0 0 -1 0 0 0 0 0 -5 0 0 0 0 0
7 0 0 0 5 0 -4 4 -4 0 5 0 0 0 0 0 0 0 0 5 0 3 0 0 0 0 -3 0 0 0 0 0 0 0 0 0 0 0 0 0 0 0 0 0 0 0 0 0 0 -1 -1 0 0 -4 0 0 0 0 0 0 0 0 0
-7 0 0 0 5 0 -3 0 0 -2 4 1 0 0 0 0 0 0 0 0 0 0 0 0 0 0 0 -1 0 0 0 0 4 0 -2 0 0 0 0 0 0 0 0 0 0 0 0 0 0 0 0 0 0 0 3 0 0 0 0 0 0 0
-7 0 0 0 -1 0 0 0 0 0 0 0 0 0 0 0 -5 2 4 0 0 0 0 -5 2 0 0 0 0 0 0 0 -1 0 -1 0 0 0 0 -5 0 0 0 3 0 3 0 0 0 -3 0 0 0 0 -5 0 0 0 0 0 0
-6 0 0 0 0 0 0 0 0 0 0 0 0 0 0 0 0 0 0 0 0 0 1 0 0 0 0 4 0 0 0 -4 4 0 0 0 -1 0 0 0 4 0 0 0 0 0 0 0 0 0 0 0 0 0 0 0 0 1 0 0
-6 -4 -1 0 0 0 -1 0 3 0 0 -1 0 0 0 0 -3 0 0 0 0 0 0 0 1 0 0 0 0 0 0 0 0 -1 0 3 0 0 0 0 -5 0 0 3 0 -3 0 0 0 0 5 0 0 0 0 0 0 0 0
2 0 0 0 0 0 0 0 0 0 0 0 0 0 0 0 0 0 0 0 0 0 0 0 -2 1 5 0 0 0 0 0 0 0 0 0 0 0 0 0 0 0 4 0 0 0 0 5 -3 4 0 2 0 0 0 0 -4 0
-3 2 0 -2 0 5 0 4 1 0 0 0 3 0 0 0 0 0 0 0 0 0 0 0 0 0 0 -5 0 0 0 0 0 0 0 0 3 0 0 -5 0 0 -5 -5 1 0 0 4 0 0 1 -2 0 -3 0 0 -3
9 0 0 0 0 0 0 0 0 0 0 0 0 0 0 0 0 0 -1 3 3 0 -3 0 0 0 0 0 0 0 0 0 2 0 0 0 0 2 -5 0 0 0 0 0 0 0 4 0 0 0 5 5 2 0 0 0
-7 -5 0 0 0 1 -5 0 0 0 -1 0 0 0 0 0 0 0 0 0 0 0 0 0 0 0 0 0 0 0 0 0 0 -1 0 0 0 0 0 5 0 0 0 0 0 0 0 -5 0 0 0 0 0 0 5
8 0 0 0 4 0 0 0 0 0 -2 0 0 0 0 0 0 0 0 0 0 0 2 0 -1 0 0 1 0 0 0 0 0 0 0 0 0 0 0 0 0 5 0 -5 0 0 0 0 -2 0 0 -1 -2 0
-10 0 0 -3 0 0 0 0 0 0 0 0 0 -2 2 0 0 0 0 0 0 0 0 0 0 0 0 -2 0 -2 3 0 -3 0 0 0 0 0 -3 0 0 0 -5 0 0 0 -5 0 0 0 -4 0 0
9 0 0 0 0 1 0 0 0 0 4 0 0 3 0 2 -3 0 2 0 0 0 0 -1 0 0 0 0 0 -3 0 0 0 0 -1 0 0 0 0 -4 0 0 -4 0 -1 0 0 0 0 0 0 0
-7 0 0 0 -3 0 0 0 3 0 0 0 0 0 1 -5 0 -2 0 0 0 0 1 0 -1 0 0 0 0 0 1 0 0 0 0 -5 0 0 0 0 -1 0 0 0 0 0 -1 0 0 0 0
3 0 -1 0 0 0 0 0 0 0 0 0 1 0 -2 0 0 0 0 0 0 0 -1 0 0 0 0 0 -5 0 0 0 0 2 0 0 0 0 0 0 0 0 0 0 0 0 0 0 0 0
3 0 2 0 0 0 3 -1 4 1 0 0 0 -5 0 0 0 0 0 -5 5 5 0 0 0 2 0 -1 0 0 0 0 0 0 3 0 0 0 2 0 0 0 0 0 0 0 0 0 -1
3 0 0 0 0 0 0 0 0 2 0 0 0 0 0 0 0 0 0 5 0 0 0 0 0 0 0 0 0 0 0 4 0 0 1 0 0 0 0 0 0 0 0 0 0 0 0 0
-3 -5 0 0 1 0 0 4 0 0 0 0 0 0 0 5 0 5 5 -4 4 0 0 0 0 5 0 4 0 1 0 0 0 -4 3 0 0 0 0 -1 0 0 0 0 5 0 0
7 0 0 0 5 -5 0 0 0 0 0 0 0 3 0 -2 0 0 0 2 3 0 0 0 -3 0 0 0 -2 -3 0 0 0 -1 -1 0 -1 2 0 -1 1 0 0 0 0 0
6 0 0 0 0 0 0 0 0 0 0 4 0 0 0 0 0 0 0 0 0 0 0 0 0 1 0 0 0 0 0 0 -2 0 0 0 0 0 0 0 0 0 0 0 1
-6 0 0 0 0 2 0 1 0 0 0 -1 0 0 0 5 -5 0 -2 0 0 2 0 0 0 0 0 0 -1 -2 0 0 0 0 0 4 0 0 0 0 -3 0 0 -1
1 0 0 0 0 -3 0 0 0 0 0 0 0 0 0 0 0 2 0 0 0 0 0 0 0 2 -1 0 -4 -5 -5 0 0 -1 0 0 0 0 -4 0 5 0 0
-7 0 0 0 3 0 0 0 0 0 -4 0 0 0 1 0 -5 0 0 0 -5 -1 0 0 0 0 0 0 0 -1 0 0 0 0 5 -4 0 0 0 0 0 1
-1 0 -1 4 1 0 0 0 0 0 0 5 0 0 0 -1 0 0 0 -5 0 0 0 1 0 0 0 0 0 0 1 0 0 0 0 0 -2 0 0 4 0
4 0 0 0 0 0 -2 0 0 -1 -1 0 0 0 -1 1 0 0 0 0 0 0 0 0 0 1 0 0 -2 0 2 0 0 0 2 0 3 0 0 -2
1 0 1 0 0 0 0 0 0 5 0 0 0 0 0 0 0 0 0 0 0 0 0 0 0 0 0 0 4 0 0 0 -4 0 0 0 0 0 0
-9 0 -3 0 0 0 0 0 0 0 0 0 0 0 0 0 0 -1 0 0 0 0 4 0 0 1 0 0 1 0 0 0 0 3 5 0 0 3
-3 0 0 1 0 0 0 0 0 3 0 3 0 0 0 0 0 0 0 -4 0 0 0 0 0 0 0 0 0 0 0 0 0 0 0 0 5
2 0 0 0 0 0 0 0 0 4 0 0 0 0 0 -5 0 0 -2 -2 0 -5 0 -3 0 0 1 -5 0 0 0 0 0 0 0 0
2 4 0 0 0 0 0 0 0 1 0 5 0 0 0 0 0 0 0 0 0 0 -2 0 -4 0 0 0 0 0 0 0 0 0 1
7 2 0 0 0 0 0 0 0 5 0 0 4 0 0 0 -4 0 1 0 0 0 4 0 0 0 -1 2 5 0 0 0 0 0
1 0 0 -1 1 0 0 0 0 0 0 0 0 0 0 4 0 0 0 0 -5 0 0 0 0 0 2 -1 0 0 0 0 0
-7 0 0 0 0 -3 0 -4 0 0 3 -1 0 0 0 0 0 0 0 0 -4 0 0 0 0 -1 0 -2 0 0 0 0
-4 0 0 0 5 1 0 0 -4 0 -5 0 0 0 0 0 0 -4 0 0 0 -1 0 -2 0 0 0 0 0 -3 0
10 -2 0 0 0 0 0 0 0 0 0 0 0 0 -2 0 0 -1 0 0 -3 0 0 0 0 -4 0 0 0 -1
10 0 0 0 -1 0 -1 0 0 0 2 0 0 1 -5 0 0 -3 0 3 0 2 0 0 -1 0 0 0 0
5 0 0 -3 0 0 0 0 0 0 0 0 0 0 0 -1 0 0 0 0 0 0 0 0 0 0 4 0
3 0 0 0 0 0 0 0 0 0 0 0 2 0 0 0 0 -2 0 0 0 5 0 -2 0 0 0
9 0 0 -5 0 0 -1 0 0 0 0 -1 0 0 0 0 0 0 0 -5 0 0 0 0 0 0
-3 0 0 4 0 0 0 0 0 0 0 0 0 0 0 0 0 0 -2 0 2 0 0 0 0
10 0 0 -2 0 0 0 0 0 2 0 0 0 0 0 0 0 0 -1 5 0 -1 0 0
-3 -4 0 0 0 0 0 0 0 0 0 0 0 0 0 0 0 0 0 0 0 0 3
-8 0 0 0 0 0 0 0 0 0 0 0 2 0 0 0 0 -4 0 1 0 0
-5 -1 0 0 0 0 0 0 0 0 -3 0 0 5 0 0 0 0 2 -2 0
-4 0 -2 0 0 1 0 0 0 0 0 0 0 0 0 0 0 0 4 -5
-10 0 0 0 0 0 0 0 0 0 0 0 0 0 0 0 0 0 0
-4 -4 0 0 0 -2 0 0 -4 -2 0 1 0 0 0 0 0 0
-10 0 0 0 0 0 0 0 0 0 -3 0 0 -4 5 0 0
8 0 0 0 -4 0 -4 0 4 0 0 0 0 0 0 0
1 2 0 0 0 0 4 0 0 0 0 0 0 2 -2
1 0 0 0 0 0 0 0 0 0 0 0 0 0
-10 0 0 0 0 0 0 0 -3 0 0 0 1
2 -1 -5 5 4 0 0 0 3 0 0 0
-8 -3 0 0 0 0 0 -1 0 0 1
-9 -5 0 -4 0 -1 0 0 0 5
-1 0 0 0 -1 0 0 0 0
1 0 0 -1 2 0 0 0
7 0 0 -3 0 0 0
-8 0 0 0 0 0
9 -2 0 0 0
1 0 0 0
-10 0 -1
-9 -4
8
