50
10 12 9 11 8 7 17 8 8 11 11 8 8 17 10 8 8 11 9 8 11 14 19 19 10 7 15 10 9 21 8 10 9 9 14 10 10 8 21 9 7 10 10 21 8 13 15 7 7 12
19 20 22 25 32 34 35 37 49 50
3 7 10 12 16 20 22 23 28 33 42 48
4 8 13 24 27 30 32 36 39
7 10 17 19 20 27 28 38 46 47 49
10 13 16 21 23 30 44 46
2 12 21 30 38 45 47
1 2 3 7 18 19 25 28 30 34 35 36 37 39 41 47 48
2 3 15 26 30 31 37 42
9 30 38 42 43 45 47 48
1 10 13 18 20 30 32 38 41 43 46
4 10 16 17 27 31 32 34 39 44 50
8 13 31 40 43 46 48 50
3 7 10 18 27 30 36 45
3 4 6 8 15 19 22 24 25 28 29 35 40 42 45 48 49
2 4 5 13 17 20 23 46 48 50
10 23 33 35 42 45 47 49
5 11 19 20 24 31 35 45
10 15 16 22 23 32 36 37 38 39 40
16 17 24 31 32 34 35 48 49
3 17 19 32 33 34 43 48
6 8 9 19 22 24 30 34 41 48 49
1 2 14 16 22 26 27 30 31 35 37 39 43 48
4 6 10 13 16 18 21 23 27 28 29 33 36 39 40 43 44 45 47
5 6 8 15 16 17 20 21 24 25 27 30 32 33 35 41 47 48 49
1 20 22 26 28 36 39 40 41 44
11 12 20 25 26 32 40
2 4 7 11 15 18 21 25 26 30 33 35 44 48 49
8 15 18 22 23 25 36 37 48 49
1 6 7 8 22 25 28 39 45
2 6 7 8 9 10 11 12 13 14 17 22 25 27 28 31 32 41 42 44 46
6 23 25 34 36 38 41 44
11 17 20 22 23 30 32 35 38 50
4 12 15 21 22 24 25 33 35
3 8 9 13 21 40 41 43 45
1 9 15 20 21 24 33 34 36 37 39 42 43 47
3 4 9 11 15 30 38 42 48 50
2 5 6 7 14 24 25 26 37 48
3 14 19 21 22 34 38 48
2 5 9 10 11 15 16 17 24 25 28 29 33 34 38 39 41 43 44 45 46
8 11 22 30 34 43 45 48 50
2 25 26 33 39 44 46
2 6 7 21 25 35 37 38 39 50
1 13 25 30 31 32 38 39 43 47
2 3 6 9 10 11 16 19 24 25 26 28 32 33 34 43 44 45 46 47 48
3 4 21 23 34 40 43 48
2 5 9 24 29 34 35 39 42 46 47 48 49
4 6 7 9 13 14 16 20 30 33 36 37 40 47 49
16 18 19 24 26 28 42
6 10 16 18 25 27 39
6 11 15 19 24 32 33 36 39 41 43 45
1 0 -4 4 0 0 0 0 3 0 0 0 0 0 0 0 0 0 0 0 0 0 0 0 0 0 0 0 2 0 0 5 0 0 -3 0 0 0 0 0 0 1 0 0 0 0 2 0 0 0
1 0 0 0 0 0 0 0 0 0 0 0 0 0 0 0 0 4 0 0 0 0 0 0 0 0 0 0 0 0 0 0 0 0 0 0 0 0 5 0 0 0 0 0 0 0 0 0 2
5 0 0 2 0 0 0 0 0 3 -1 0 0 0 5 0 -4 0 0 0 4 0 0 0 0 0 -1 0 0 5 0 0 0 0 0 0 0 0 0 3 0 0 0 0 0 0 -3 0
7 0 0 0 4 4 0 5 0 0 2 0 0 0 0 0 0 0 -1 0 0 1 4 0 0 -2 0 0 0 0 0 2 0 5 0 0 0 0 0 0 5 0 1 0 0 2 0
-6 0 0 0 0 0 0 0 0 0 0 0 0 0 0 0 0 0 4 0 0 0 0 0 0 0 0 0 0 0 0 -1 0 3 0 0 0 0 0 0 -1 0 0 0 0 0
8 0 0 0 0 0 -1 0 0 0 0 -5 0 0 0 0 0 0 0 0 0 0 0 -5 0 4 5 0 -1 0 0 0 0 0 0 0 0 0 -2 0 0 0 0 0 0
3 0 0 0 0 0 0 0 0 -1 0 0 0 -2 0 0 0 0 0 -1 -5 0 -2 0 -3 -1 0 -2 0 0 4 -3 0 -5 0 3 0 0 0 0 0 0 0 0
-10 0 0 2 0 0 -4 0 0 5 0 0 0 0 0 0 0 -4 0 0 0 0 0 0 0 0 2 0 0 0 0 -2 0 0 0 0 0 0 0 0 0 0 0
5 0 0 0 0 2 0 0 0 0 0 5 1 0 0 0 0 0 0 0 0 0 0 0 0 0 0 0 0 0 0 0 0 0 0 0 0 0 0 0 0 0
7 0 0 0 0 0 0 0 0 2 0 0 0 4 4 0 0 0 -5 0 2 0 0 -1 0 0 0 0 -4 0 0 0 -4 0 3 3 0 1 0 0 0
-9 0 0 0 0 -5 0 0 0 0 0 0 0 0 1 0 0 0 0 4 0 0 0 0 4 2 3 0 -2 0 0 0 0 0 0 0 0 0 0 -2
-7 0 0 -5 0 -2 0 0 0 0 0 0 0 2 0 0 0 0 0 0 0 0 0 0 0 0 0 0 0 0 0 0 2 0 -4 0 0 0 0
10 0 1 0 0 5 0 -1 0 -2 0 0 0 0 0 0 0 -4 3 0 0 0 0 -1 0 0 0 2 0 3 0 0 2 1 0 0 0 0
-6 0 2 0 0 0 0 0 0 -3 0 -1 0 0 -2 -5 0 0 2 0 -1 0 -3 5 0 0 0 0 -1 0 4 0 -3 0 -2 0 0
6 0 0 -1 0 0 0 0 -4 0 0 0 0 0 0 0 0 0 -1 0 0 0 5 0 0 0 0 0 0 0 0 0 0 -5 0 -2
-7 0 0 0 -2 0 4 0 0 -1 0 -1 0 0 -3 5 0 0 -4 0 0 -1 2 0 0 0 5 -5 0 0 0 0 0 0 1
4 0 0 1 0 1 0 0 0 0 0 0 0 5 0 -1 0 0 0 0 0 0 1 0 0 2 0 2 5 5 1 0 0 0
-3 2 -2 0 1 0 0 0 0 0 0 0 0 0 0 0 0 -4 2 0 0 0 0 0 0 0 -3 0 0 -4 0 0 0
-9 0 0 0 0 0 -4 0 0 4 0 4 0 0 0 0 1 0 0 0 0 -1 0 0 0 0 0 0 0 0 0 0
1 0 0 0 0 1 0 0 0 0 0 -4 0 -3 0 -3 0 0 0 0 -4 0 0 0 0 2 0 0 0 -5 0
1 0 0 0 -2 4 0 0 -5 2 0 0 5 0 0 2 2 0 0 0 0 0 0 0 3 0 0 5 0 0
10 0 0 0 0 0 -2 0 0 0 3 0 0 0 0 0 0 0 0 0 0 0 0 2 0 -1 0 0 0
-5 5 0 0 0 0 0 0 5 5 2 0 0 -3 1 -1 0 0 -1 0 0 0 0 0 0 -3 0 0
10 0 0 0 0 2 4 0 0 0 0 -1 3 0 0 3 0 0 0 0 0 0 0 0 0 -1 4
4 0 2 2 1 0 4 0 0 0 0 0 0 -1 0 0 4 0 0 0 0 0 4 0 0 0
-9 0 0 2 0 0 0 0 -1 -4 -3 1 -4 0 0 0 0 0 0 0 0 0 0 0 0
1 0 0 0 0 0 2 0 0 0 0 0 0 0 0 3 0 0 -3 0 -2 -3 0 0
9 0 0 0 0 0 0 0 5 0 0 0 0 0 0 0 0 -2 0 0 0 0 0
9 0 0 0 0 1 0 0 0 0 0 0 1 0 0 0 0 0 0 0 0 0
-3 0 0 -5 0 0 0 0 0 0 0 0 -2 0 0 0 0 0 0 0 0
-4 0 0 0 0 0 0 -2 0 0 0 0 0 1 0 0 0 0 0 0
-7 0 4 0 0 0 0 0 0 0 -1 -3 0 0 -3 0 0 1 0
-5 0 0 0 0 0 0 0 3 0 0 0 0 0 0 0 0 0
-1 0 1 0 0 2 0 0 0 0 0 0 0 0 0 0 -1
3 0 0 3 0 0 0 0 0 0 0 -1 0 0 -3 5
5 0 0 0 0 0 0 0 0 0 0 0 0 -5 1
4 -2 0 0 0 -1 0 0 0 0 1 0 0 0
6 0 0 0 -5 -2 0 0 0 0 0 -1 -1
-9 0 0 0 3 0 1 0 0 0 0 -1
-8 0 0 0 0 0 0 0 0 0 0
-4 0 0 0 0 0 0 0 -4 0
-3 0 0 0 0 2 -3 1 -2
5 0 -3 0 0 0 0 0
-6 0 0 -1 0 0 0
-8 0 0 0 0 0
3 0 0 0 5
-3 0 0 0
-4 0 0
-6 0
8
