25
6 7 15 8 13 15 6 9 7 15 6 7 13 6 8 7 6 7 8 7 6 7 9 7 9
3 11 12 20 24 25
1 4 13 15 18 21 22
1 3 4 6 7 9 10 12 13 14 15 18 20 23 24
3 4 9 11 12 13 14 22
1 8 10 11 12 13 14 15 16 17 19 21 22
2 5 6 7 8 9 11 17 18 19 20 21 22 23 24
8 14 16 17 18 21
2 3 6 14 15 18 19 20 24
7 10 13 17 21 23 24
2 3 6 7 8 9 10 12 15 17 19 21 22 23 25
2 5 7 8 11 19
2 4 5 10 12 20 23
1 5 10 11 13 14 15 16 17 20 21 24 25
3 4 9 18 22 24
2 3 12 13 14 18 20 25
1 2 14 17 19 20 22
1 4 7 11 14 16
5 8 10 15 19 20 22
2 5 6 14 18 20 22 25
7 9 12 14 15 16 24
8 12 18 20 22 24
1 6 7 9 11 16 24
5 6 9 15 16 20 21 22 23
2 4 5 17 19 22 24
2 4 11 13 14 15 20 22 25
-1 3 0 0 0 0 0 0 0 -3 0 1 0 3 0 0 0 0 0 0 0 0 0 0 0
6 4 -3 0 2 0 0 4 0 0 0 0 0 0 0 0 -1 0 0 0 0 0 0 0
-2 -2 -2 0 0 0 0 0 0 0 1 0 0 0 0 0 -3 0 0 0 0 0 -1
9 0 0 0 0 0 0 -3 0 0 0 1 0 0 0 0 5 0 0 0 0 0
-6 0 0 0 0 0 0 0 0 0 0 0 0 0 1 0 0 0 0 0 0
-6 0 0 0 0 0 0 -5 1 0 0 0 0 -1 0 0 -4 0 0 0
-1 0 0 0 0 0 5 0 0 0 0 0 0 0 0 0 0 0 -4
4 0 0 -4 0 0 0 0 0 -5 0 0 0 0 0 0 0 0
2 1 0 0 0 0 5 -2 0 0 0 0 2 0 -5 0 0
2 0 -5 0 1 -1 0 0 1 -1 0 3 0 0 0 -2
1 0 0 0 0 0 0 3 2 0 0 0 1 0 0
-8 0 5 0 3 3 1 0 0 0 0 0 0 0
-4 0 0 -5 -4 0 0 0 0 0 0 0 0
-9 -5 0 0 3 0 0 0 0 0 5 0
9 0 0 5 -5 0 -5 0 0 -5 0
-4 3 0 0 0 0 0 0 0 0
2 0 -3 0 0 0 1 0 2
9 0 0 0 0 0 0 1
-8 0 0 0 0 0 0
5 0 1 0 0 0
-3 -2 0 0 0
-8 5 0 0
2 -3 0
6 0
8
