200
19 39 15 15 21 18 15 17 16 25 15 28 21 14 14 16 30 42 42 18 19 29 34 17 16 15 15 15 15 15 25 25 16 24 14 15 15 14 14 25 23 14 23 36 14 16 15 28 42 20 15 35 18 27 22 19 19 28 38 19 38 16 32 24 17 16 34 16 37 17 27 42 24 15 15 15 23 17 21 19 19 16 23 25 21 15 29 42 26 16 34 14 20 40 30 15 20 14 22 42 14 22 18 15 16 33 23 42 18 18 14 14 14 18 15 18 36 42 24 36 17 42 16 14 17 22 31 16 15 17 18 15 18 14 23 15 17 42 30 36 14 15 22 42 14 42 17 34 15 14 14 19 20 24 42 21 25 42 16 42 42 14 32 42 14 15 26 42 21 14 14 29 30 15 15 30 22 28 15 14 15 15 34 16 14 24 16 31 16 16 15 26 17 15 17 42 17 42 21 24
15 18 34 48 52 64 65 80 104 108 111 116 131 149 154 166 169 177 196
15 20 24 25 38 39 46 47 48 59 67 68 91 93 104 109 122 124 127 130 132 133 141 144 151 153 159 164 165 171 173 179 181 183 184 185 186 192 194
13 33 34 40 41 52 86 92 141 142 162 178 183 187 190
1 4 15 26 47 62 66 105 106 125 129 134 140 160 187
3 22 29 32 45 65 70 88 94 102 112 124 127 135 142 149 168 177 185 187 197
6 14 47 51 61 62 67 68 84 88 98 129 135 150 154 173 180 190
32 70 77 79 81 97 106 117 120 127 128 163 164 170 199
6 40 59 67 71 80 82 94 106 107 113 138 141 165 192 193 194
24 31 60 63 64 65 68 81 91 96 125 129 135 148 156 193
14 21 22 28 46 53 55 58 62 66 90 100 104 110 111 114 116 122 137 142 155 190 193 198 199
14 20 25 34 38 39 44 50 56 80 130 154 156 170 186
3 8 13 14 27 29 34 35 42 44 55 61 63 68 83 90 91 97 121 122 143 152 159 166 169 175 191 194
3 12 17 19 21 32 33 59 77 78 80 81 96 101 111 118 125 160 169 174 192
12 13 49 58 59 62 76 91 101 108 124 173 179 185
4 7 8 15 16 18 32 45 54 68 76 169 185 197
7 14 26 28 70 91 92 103 108 113 130 132 143 147 150 177
2 4 12 21 23 30 34 37 46 56 67 74 76 81 84 102 108 113 120 122 123 125 148 149 152 158 167 172 182 192
4 5 7 13 15 17 18 23 33 37 48 49 52 53 58 59 62 63 64 68 80 86 89 102 104 114 121 122 126 127 139 154 161 179 182 183 185 186 190 192 194 200
4 6 7 16 20 28 31 33 34 36 45 48 52 59 63 66 68 71 82 84 92 99 107 110 114 133 134 139 142 145 151 155 156 164 165 166 176 183 187 193 195 199
13 40 44 45 59 61 80 98 121 129 132 151 166 167 173 175 179 187
3 7 24 34 42 43 52 68 79 82 112 117 128 134 148 166 175 176 186
3 33 37 38 39 41 49 51 73 76 79 84 90 102 104 113 117 121 124 134 141 151 152 153 170 171 182 187 196
8 18 19 20 21 35 38 40 43 47 48 54 62 71 76 81 89 91 96 105 108 113 116 124 127 130 136 137 146 160 170 182 186 188
6 22 38 44 49 57 60 73 79 98 105 123 125 131 163 178 181
10 55 64 70 100 116 117 120 147 162 174 176 182 183 186 188
23 25 41 45 47 62 73 99 103 176 178 181 187 189 199
1 2 40 44 47 66 78 109 116 125 129 134 148 184 193
7 15 27 39 72 95 105 126 144 147 159 163 168 175 189
7 16 26 47 66 68 106 108 122 127 141 147 184 192 193
23 39 43 57 77 83 95 111 114 124 125 148 153 173 176
5 10 16 17 22 24 30 35 38 44 48 59 75 78 79 93 94 108 128 129 150 151 156 161 170
11 39 40 45 57 65 73 80 81 82 92 100 109 116 117 122 129 131 142 145 148 151 156 160 167
2 5 16 40 45 46 47 52 56 61 70 83 113 159 168 187
4 19 22 27 28 33 36 40 49 56 59 65 77 78 79 113 116 121 138 140 154 157 172 190
44 49 73 92 93 95 103 121 123 124 125 132 139 149
1 2 4 9 53 57 61 72 88 94 97 135 165 199 200
4 13 20 28 37 39 42 57 58 101 106 113 128 141 191
4 28 36 42 68 121 131 136 157 170 173 181 185 189
2 5 27 33 34 42 100 127 132 137 147 160 174 176
26 35 49 57 59 69 77 82 92 96 101 103 113 116 126 133 134 137 150 161 164 167 183 184 193
6 18 39 46 80 81 86 87 96 99 103 116 118 127 133 137 144 172 176 178 189 192 193
52 55 56 71 74 78 108 115 125 134 155 173 185 186
4 11 16 19 32 41 45 52 57 60 67 87 98 101 140 152 155 174 184 187 190 191 195
4 5 12 13 15 21 26 37 42 54 56 60 62 63 76 79 90 93 96 106 108 110 111 113 135 144 147 151 153 157 158 174 175 177 180 194
10 17 41 52 54 57 70 80 90 101 135 166 176 193
18 21 32 39 44 46 68 69 109 137 148 152 162 165 193 197
3 37 45 52 86 88 124 125 135 154 160 165 168 179 183
6 9 19 20 21 33 38 42 51 55 65 71 76 79 81 83 94 104 105 113 120 123 152 160 161 170 197 198
3 7 33 36 38 40 51 52 54 55 56 68 70 76 78 87 91 93 97 104 114 120 122 125 128 136 139 140 141 142 145 146 149 167 168 175 176 182 183 185 187 195
6 23 36 38 51 55 56 72 110 119 124 125 137 150 151 152 164 192 193 194
10 11 44 46 67 92 100 116 122 137 156 165 170 182 188
1 5 12 17 19 25 27 38 39 42 54 78 84 93 96 103 104 108 112 113 125 126 133 135 136 137 143 147 149 151 157 175 176 186 198
18 28 37 57 70 75 95 102 104 107 122 149 176 180 182 190 197 200
4 6 22 43 45 47 56 57 70 95 96 103 112 115 121 125 129 130 137 138 145 149 155 172 194 195 199
2 12 13 19 23 29 45 48 61 62 90 92 96 105 116 120 124 142 181 193 194 200
7 8 16 25 31 33 41 49 81 92 95 119 126 136 145 160 166 185 193
3 11 29 41 65 73 74 77 80 83 85 87 94 110 142 145 150 152 186
5 7 14 22 26 45 52 55 56 73 91 92 102 107 111 114 120 122 125 143 152 155 156 158 167 168 185 190
5 9 19 20 22 28 43 46 58 67 70 72 79 84 88 89 94 96 98 99 101 104 112 113 115 121 131 134 139 144 151 176 177 180 181 186 189 194
2 4 23 25 30 60 65 100 104 105 116 117 124 128 131 138 148 160 192
3 10 13 16 17 20 22 24 34 41 44 45 46 49 68 69 78 81 84 89 92 97 107 111 113 119 124 134 137 144 149 152 162 167 178 179 185 187
39 41 59 78 88 99 103 121 136 148 158 183 189 190 196 197
6 8 15 19 22 27 28 33 47 54 67 70 73 89 103 113 127 135 139 141 142 143 154 167 170 171 181 182 183 194 198 200
27 28 38 40 41 48 51 52 55 66 68 70 85 93 96 114 120 123 125 133 144 162 182 200
1 6 18 49 51 62 63 107 116 122 128 138 144 146 159 166 172
14 17 32 40 47 60 82 97 101 119 127 130 141 148 151 168
2 13 19 24 26 28 36 38 53 74 75 85 89 91 93 99 103 106 121 122 128 134 145 150 169 170 171 177 183 184 187 188 191 197
7 20 32 62 69 75 86 112 116 122 133 134 152 179 182 200
8 24 26 31 35 45 47 48 50 54 55 62 71 73 76 81 86 88 90 93 97 104 114 118 120 123 127 133 141 147 148 159 162 188 196 199 200
3 26 29 47 59 64 85 94 113 123 140 141 148 150 163 171 180
10 14 20 21 25 36 45 73 96 98 99 108 117 122 127 134 141 154 161 162 164 177 185 188 196 197 198
3 5 11 16 26 30 34 36 38 40 42 44 50 53 70 74 77 78 100 101 103 104 105 106 109 111 114 121 122 124 130 137 139 141 143 146 168 178 180 183 193 198
28 32 36 42 50 69 73 81 89 96 101 109 110 111 117 124 128 140 144 151 163 169 187 200
10 13 30 39 47 53 78 84 88 114 131 145 157 158 180
23 30 85 100 110 113 121 125 136 149 153 159 174 185 187
4 7 28 34 39 50 59 70 73 81 133 156 159 172 175
36 48 62 71 72 77 84 87 112 115 117 122 124 125 129 135 162 167 170 175 176 187 197
17 29 31 41 58 90 96 107 121 132 141 145 156 160 176 184 191
2 3 7 11 32 35 41 49 57 61 66 72 77 83 126 130 141 142 175 182 190
1 32 33 34 43 83 93 104 108 119 134 140 143 146 160 168 171 176 187
2 3 8 17 23 30 40 79 84 88 90 95 109 113 119 120 125 139 166
17 55 58 91 106 115 118 129 133 134 159 160 169 185 186 198
11 15 34 40 44 50 54 55 67 70 72 81 88 90 92 97 114 133 148 159 165 197 199
1 5 14 17 31 37 40 41 45 50 51 62 73 77 85 129 133 144 148 161 162 163 167 175 198
3 5 11 21 25 28 32 46 49 64 84 85 92 104 133 140 143 151 170 175 190
14 42 45 57 67 75 85 87 125 126 133 141 159 182 187
7 9 18 25 28 30 52 54 57 63 79 81 88 102 104 108 128 136 138 152 157 158 162 164 165 170 175 192 196
3 15 20 21 24 28 29 34 37 40 47 53 54 77 86 89 94 97 103 113 115 119 120 125 130 135 136 137 146 148 155 162 164 167 172 175 178 183 185 187 199 200
3 5 6 8 16 24 50 52 63 66 67 69 72 84 87 89 90 94 122 125 138 152 159 169 195 198
6 48 50 56 68 77 81 87 108 113 126 130 135 170 177 196
11 13 15 18 19 20 23 30 41 52 67 74 76 77 86 99 101 102 103 109 111 112 134 143 145 150 151 153 161 169 174 176 180 185
3 9 16 55 67 70 79 118 131 154 186 187 193 194
9 14 17 20 59 80 84 87 89 93 105 111 126 139 142 153 162 164 183 197
8 11 18 31 39 41 44 46 51 53 64 69 70 73 74 76 78 80 81 82 86 97 99 118 120 123 129 134 136 141 151 155 164 170 173 175 178 179 195 200
2 16 17 23 27 31 32 37 39 40 74 75 77 80 84 89 100 106 120 130 133 148 150 153 154 164 165 177 182 195
1 14 17 25 36 46 49 57 84 102 108 109 143 147 186
3 4 10 20 30 43 46 65 68 76 88 99 103 112 117 148 149 172 174 176
9 28 50 61 65 73 81 102 125 128 129 159 175 182
4 8 15 20 31 32 39 50 64 65 72 73 83 85 100 107 142 143 157 168 182 196
2 6 8 41 49 51 56 59 64 66 67 71 74 78 79 80 83 91 99 104 106 116 128 130 133 137 140 143 144 146 152 159 160 166 167 168 170 171 178 179 180 189
1 3 36 77 98 114 115 120 144 149 186 187 189 195
10 41 44 56 59 64 76 93 99 108 129 131 138 143 144 146 159 172 178 179 196 200
10 12 14 17 23 24 83 85 87 104 105 108 110 112 114 122 123 175
8 12 23 30 51 62 67 78 80 84 85 120 134 156 184
24 34 36 67 92 107 110 111 116 119 124 127 135 139 160 173
16 42 43 53 57 60 73 77 82 84 88 89 98 100 109 110 112 114 124 128 134 138 145 147 151 160 162 165 172 180 187 189 198
17 23 31 38 41 46 52 80 86 88 101 112 114 133 140 144 146 147 149 159 161 162 167
2 4 12 14 46 50 51 65 66 75 76 78 80 85 91 101 103 107 112 117 118 124 134 135 136 141 142 160 163 166 169 170 171 174 183 184 186 187 189 191 194 196
7 14 41 49 61 79 83 123 131 134 139 152 153 163 176 186 190 198
16 22 39 53 56 77 88 99 119 133 137 138 154 164 172 183 185 186
10 15 74 75 79 86 108 109 135 136 141 178 181 183
5 11 25 32 44 57 92 96 127 139 147 156 186 193
2 9 12 13 25 39 87 92 97 105 118 133 138 142
6 10 11 45 47 64 91 104 109 112 136 148 170 171 176 177 179 187
8 25 30 44 53 69 83 84 107 115 132 141 156 165 167
10 17 21 27 48 63 85 101 108 122 123 134 141 144 155 175 189 193
1 7 15 17 21 26 27 36 49 56 58 62 76 78 85 89 92 97 100 106 114 117 120 128 131 145 146 151 169 177 183 184 185 187 191 194
2 6 8 13 15 17 22 33 35 42 44 47 55 61 71 77 81 84 96 104 111 122 125 126 128 130 132 136 137 147 149 154 155 156 157 158 162 176 179 182 188 198
2 11 19 20 25 37 40 51 69 84 87 89 94 119 121 127 152 156 167 170 174 176 187 198
7 8 9 19 20 26 32 34 38 48 55 56 65 79 80 83 89 96 101 103 119 125 126 127 129 134 146 153 155 156 161 162 166 172 176 191
5 14 23 28 38 58 73 79 81 88 116 133 166 175 176 181 187
4 7 8 17 20 21 33 36 40 42 44 50 51 55 63 73 81 96 99 100 107 111 116 119 120 123 125 138 143 144 146 154 155 166 172 180 182 186 188 192 194 195
11 23 24 36 40 82 89 90 123 129 163 171 172 173 175 197
10 13 22 39 59 60 99 108 110 116 135 140 171 193
3 12 27 46 53 56 60 61 67 83 91 105 111 128 136 151 156
16 24 29 34 46 47 62 66 79 80 82 90 96 113 120 144 152 166 171 173 181 197
2 5 8 14 15 16 30 38 51 62 63 68 69 77 87 94 97 101 103 115 119 124 126 128 138 159 163 175 181 186 192
3 12 32 50 78 102 110 130 141 149 150 162 183 193 196 200
11 12 31 35 40 42 70 72 75 89 103 119 134 158 182
14 18 25 30 40 48 54 82 87 99 103 122 127 128 131 149 177
15 25 27 32 33 47 53 90 91 110 113 114 117 118 161 177 187 194
45 47 59 92 94 103 107 115 125 126 141 147 175 184 197
3 18 38 61 65 69 79 80 92 106 122 139 141 148 150 155 163 166
9 19 45 65 80 86 98 100 118 139 178 183 184 197
11 14 18 29 30 52 55 85 87 90 100 128 135 141 147 149 157 170 189 194 196 199 200
46 47 53 63 67 68 105 112 115 121 125 152 164 181 190
12 13 18 35 51 68 81 88 91 134 158 159 171 176 177 185 194
1 6 9 11 15 20 22 33 38 41 42 43 49 50 52 53 57 72 73 74 88 93 95 96 97 108 120 122 132 144 146 154 155 156 161 170 171 172 178 188 190 198
15 16 17 19 29 32 37 42 61 71 80 87 92 96 98 105 117 129 134 141 147 157 164 170 171 173 179 184 188 193
18 22 42 50 53 54 55 57 62 63 65 67 74 77 79 82 83 93 94 101 108 113 124 125 129 131 138 139 143 159 161 165 172 178 186 194
6 20 65 71 78 83 108 132 134 156 159 177 182 192
20 28 31 36 50 58 61 78 90 94 129 132 158 185 193
2 6 17 27 30 47 54 62 67 71 81 82 101 112 123 137 166 167 180 183 194 198
1 4 7 9 10 15 18 23 28 40 43 46 53 57 68 75 80 84 96 102 103 104 108 109 116 117 119 120 124 132 137 141 144 146 148 152 153 163 172 180 186 189
1 27 28 40 67 91 95 117 119 124 142 155 180 182
1 7 10 13 15 18 20 23 24 40 41 51 52 54 62 64 65 67 75 76 83 97 98 101 105 109 112 113 126 140 144 154 158 160 161 165 168 169 172 177 186 187
3 7 19 29 38 44 46 50 53 65 66 68 88 145 171 189 194
9 10 12 18 24 31 40 66 68 70 71 83 85 91 102 118 122 123 132 140 142 143 155 156 160 162 164 167 171 182 191 193 196 200
36 46 48 51 92 95 111 120 129 137 156 159 162 175 192
27 43 53 71 73 76 85 130 134 140 143 148 191 192
34 35 36 53 59 63 72 74 90 103 111 122 162 179
13 20 25 33 43 51 57 61 73 75 90 130 131 137 142 148 161 185 186
6 9 24 41 55 59 80 94 97 115 116 117 135 141 142 144 161 176 185 197
5 8 15 37 45 46 57 60 68 71 80 82 91 97 98 99 102 109 115 130 142 150 172 183
2 13 41 42 52 71 84 87 88 95 97 103 106 116 120 127 136 141 143 145 146 151 153 162 164 165 171 173 174 176 177 181 183 184 185 187 191 192 193 194 196 198
6 11 15 29 35 37 44 52 64 104 106 107 111 115 121 143 153 162 168 178 181
14 16 25 37 38 48 63 71 89 96 98 113 123 126 128 132 149 158 159 163 166 171 179 187 191
5 6 11 13 17 20 36 38 39 40 44 49 63 64 68 70 77 78 89 101 109 116 117 119 121 122 133 143 144 146 150 154 161 163 168 169 172 174 183 186 198 200
6 30 32 58 61 73 75 109 141 145 147 156 161 178 188 199
5 15 21 30 31 46 49 56 62 63 65 67 71 77 79 83 89 91 94 109 111 120 122 131 133 143 146 152 156 158 159 162 166 169 171 172 174 182 191 192 193 197
3 9 13 15 36 40 42 45 49 56 60 62 65 66 70 71 72 74 84 93 99 101 107 118 127 128 135 136 138 145 146 151 152 153 158 163 165 167 170 175 184 195
19 23 29 40 53 56 64 78 79 93 95 123 148 179
6 14 18 29 30 32 36 44 53 59 64 75 97 113 123 133 141 148 154 156 161 162 170 171 172 175 186 188 189 190 193 194
3 15 24 25 26 27 39 42 44 47 49 53 54 55 56 57 60 62 63 67 79 80 96 106 107 116 118 125 127 137 139 140 147 157 164 179 184 185 189 192 195 198
17 22 39 59 97 103 112 113 128 143 151 160 195 200
27 30 33 43 55 58 70 99 125 143 147 152 162 180 192
3 7 8 18 23 41 53 58 59 69 76 96 111 113 125 149 150 158 163 165 172 177 182 184 188 200
4 10 12 16 17 25 31 38 39 46 53 54 55 58 59 64 72 75 78 81 88 89 96 102 103 105 123 126 135 138 142 148 151 153 162 168 176 179 188 191 198 199
2 5 18 21 24 26 39 52 61 68 73 87 90 99 103 120 122 134 160 170 171
9 38 48 58 62 70 82 89 95 103 113 168 169 179
15 24 47 50 56 99 101 114 131 153 170 178 183 193
8 10 13 45 62 68 89 92 94 103 123 125 126 127 132 134 135 138 139 148 149 155 166 169 173 175 194 196 200
2 17 22 32 34 47 49 67 72 74 77 98 99 101 104 115 117 123 125 130 131 141 146 148 167 175 182 183 189 195
2 29 37 43 54 68 75 78 83 87 119 143 159 188 194
8 22 63 71 80 102 120 142 145 149 153 162 163 170 197
1 7 17 22 30 37 52 53 55 64 65 69 71 76 83 90 91 97 104 124 136 140 144 163 170 172 182 187 192 196
1 2 21 32 36 38 39 49 56 57 62 63 72 74 79 98 118 144 145 172 184 194
4 14 15 25 31 38 42 56 58 62 63 70 78 87 88 117 119 121 125 136 140 149 150 154 159 172 193 197
20 25 36 55 60 72 95 106 117 124 127 136 148 161 191
13 24 34 64 66 69 72 91 128 140 141 149 156 193
9 45 58 68 95 99 102 109 111 134 153 161 168 193 197
8 9 25 50 53 72 82 99 107 115 135 137 188 194 197
6 8 26 28 35 36 44 53 54 65 76 83 102 112 120 128 129 131 136 139 141 153 157 162 163 169 170 182 183 184 188 189 193 197
3 10 12 19 36 46 47 50 54 56 68 108 126 130 147 199
1 44 72 84 100 115 118 124 125 166 171 173 197 200
3 8 27 40 44 48 58 67 77 90 101 106 111 140 142 145 152 157 159 171 172 179 187 195
2 17 21 25 28 31 41 46 54 81 129 142 146 173 181 189
9 15 32 43 48 66 69 70 72 80 83 89 90 92 99 103 106 108 123 131 143 148 155 160 161 162 165 168 180 191 192
29 32 42 71 84 91 92 110 125 136 139 169 172 179 185 190
2 12 32 36 51 70 80 81 82 85 96 101 115 124 157 162
2 29 58 64 65 69 70 78 91 114 128 146 148 165 168
1 3 9 16 18 19 22 25 35 61 87 88 94 106 110 114 128 141 152 154 157 160 162 170 172 198
5 15 18 19 24 99 114 115 116 121 127 159 175 177 178 186 187
2 7 19 37 41 45 94 109 136 139 143 152 162 179 198
21 29 44 58 67 75 86 88 122 143 152 156 179 180 193 198 199
1 9 16 20 31 32 37 38 39 45 47 58 59 60 79 82 83 89 96 102 105 106 113 116 120 124 126 133 134 138 145 147 156 167 168 176 182 186 195 197 199 200
13 27 31 33 57 60 67 80 85 92 110 125 140 165 182 192 195
4 5 15 17 19 23 25 29 30 32 33 34 35 45 50 51 65 68 72 75 76 78 81 89 105 106 113 119 120 124 127 131 134 135 142 156 162 164 165 179 190 200
8 18 27 33 40 44 45 53 71 85 110 117 126 129 139 143 147 154 183 198 199
7 16 18 37 51 55 56 70 85 86 89 102 107 111 117 130 141 155 157 158 162 168 191 193
-4 0 -5 -3 5 0 0 -4 3 0 -1 0 0 0 5 0 4 0 -4 -5 0 0 -3 0 0 0 0 0 0 -1 0 -2 -1 0 0 0 0 0 0 0 0 0 0 0 0 0 0 0 5 0 0 0 0 0 0 0 0 0 0 0 0 0 0 0 0 0 2 0 0 0 0 0 0 0 0 0 0 0 0 0 0 0 0 0 0 -3 0 0 0 0 0 0 1 0 0 0 0 0 0 0 0 0 0 3 0 0 0 0 0 0 0 0 0 2 0 0 0 0 0 5 0 0 0 0 0 0 0 0 -1 0 3 0 0 0 0 0 3 -5 -2 0 0 0 0 0 0 0 0 4 -5 0 0 0 1 -5 0 0 0 0 0 -4 0 0 2 -2 1 0 0 0 0 0 0 0 0 0 0 0 0 0 -4 0 0 0 1 0 0 0 1 -3 0 0 0 0 0 0 0 -2 0 3 0 0
-7 0 0 0 0 0 0 -3 5 4 0 0 4 0 -1 -1 -1 0 0 -4 -5 0 0 0 0 0 0 0 0 0 0 0 0 1 -5 0 0 0 0 0 0 0 0 0 0 0 0 0 0 -1 -2 0 0 0 0 0 0 0 0 0 -1 0 0 0 0 3 0 0 0 0 0 0 0 0 0 -1 0 0 2 0 0 0 0 -1 0 0 -5 0 0 0 0 0 0 0 0 -1 0 0 0 0 0 0 0 0 0 0 0 1 0 -2 -3 0 0 0 0 0 0 -2 0 0 1 0 0 0 0 0 0 0 0 0 0 0 0 -4 0 0 0 0 0 0 -1 0 0 0 0 0 0 0 0 0 0 0 0 0 0 -4 0 5 0 0 1 0 0 0 0 0 0 0 0 0 5 0 0 -1 0 0 0 0 0 2 1 2 0 0 -5 0 0 0 -4 0 0 0 0 0 0 0 0 0 1
5 0 0 1 0 0 0 0 0 0 5 -1 0 0 0 0 0 0 0 0 0 0 3 0 0 0 3 1 0 0 0 0 -4 0 0 0 -1 0 -1 0 4 0 0 0 0 0 0 0 0 4 0 0 0 0 -2 0 3 -2 0 0 0 0 0 -5 0 0 0 0 0 0 0 0 0 0 0 0 0 0 0 0 0 0 0 0 0 4 0 0 0 0 0 4 0 0 0 0 0 -1 -3 0 0 0 -2 0 0 0 -5 0 0 0 2 0 0 0 0 0 0 1 2 0 0 0 0 0 0 0 0 0 0 -4 0 0 0 0 0 -3 0 0 0 4 0 -5 0 4 0 0 2 0 0 0 0 0 0 0 0 0 0 0 0 0 0 0 -2 0 0 0 0 0 0 -1 0 -4 0 0 0 0 1 -3 0 0 0 0 0 -4 -1 3 0 0 0 0 2 0 0 0 0 0 0 5
-1 0 0 0 0 0 0 0 0 0 0 0 0 -2 -3 0 0 3 0 0 0 2 0 0 5 0 0 0 0 0 0 0 0 0 -2 0 0 0 -1 0 0 0 0 0 0 0 -2 2 0 0 0 3 0 0 1 -1 0 0 0 0 -1 0 0 0 0 0 0 0 0 0 0 0 0 0 0 0 0 0 3 4 0 0 0 0 2 0 0 0 4 0 0 -4 0 0 0 0 0 0 0 0 0 -1 0 0 0 0 0 0 0 0 0 -3 0 0 0 0 0 1 0 0 0 0 0 1 0 0 0 3 0 0 0 0 0 -1 0 0 0 0 0 0 0 0 0 0 -3 -1 -2 0 1 0 0 0 0 0 2 0 0 0 4 0 0 0 0 2 0 0 0 1 0 -1 0 0 0 0 0 0 0 0 5 0 5 0 0 2 0 0 0 4 0 0 -1 0 5 1 0 0 0
10 -5 0 0 -5 0 0 0 0 3 1 0 1 0 -5 0 0 0 0 1 -3 0 0 0 2 0 4 0 0 0 0 0 0 0 0 0 0 0 0 0 0 0 0 0 0 2 0 0 0 0 0 4 0 0 0 0 0 0 0 0 0 0 0 0 0 0 -2 0 0 0 0 0 0 -1 0 0 0 -2 -5 0 0 0 5 0 -3 0 0 0 3 0 0 2 0 0 0 0 2 0 0 0 -2 -1 0 0 5 0 0 0 0 0 4 0 2 3 0 0 0 0 0 0 0 0 0 0 0 0 0 0 0 0 -1 0 0 3 0 0 0 5 0 0 0 0 -3 0 0 0 1 0 0 0 0 0 0 0 0 -5 0 0 0 0 0 2 0 0 0 -4 -5 0 0 2 -2 0 0 -1 0 -2 0 0 -1 0 0 0 0 0 0 3 0 0 0 0 0 0 0 0 0 0
-6 0 3 0 0 0 0 1 0 0 0 0 0 0 0 0 0 0 0 0 0 0 4 2 0 0 0 0 0 2 0 0 0 0 -1 0 0 4 0 -3 0 0 0 0 -1 0 0 -2 0 0 0 0 0 0 -3 0 3 0 0 0 0 5 -5 0 0 0 2 0 5 0 0 -2 0 0 0 0 0 0 0 0 0 0 4 -5 0 2 -1 0 0 0 -1 0 0 4 0 0 0 -4 0 0 -5 0 5 -1 -4 0 0 0 0 0 0 0 0 0 0 0 0 0 0 0 0 0 -2 0 0 0 0 0 0 -2 0 0 -2 0 1 0 0 1 0 0 0 0 0 0 0 0 0 -2 0 0 0 -2 -5 0 0 -1 0 0 0 0 5 0 0 0 0 0 -5 0 0 0 0 0 0 -4 0 0 0 0 0 0 0 0 0 0 0 -3 0 0 4 0 0 2 0 0 -5
10 0 0 0 0 0 0 0 0 0 -4 0 0 0 -4 1 0 0 0 0 0 0 0 0 0 0 0 0 -1 0 0 0 1 0 0 -1 0 4 2 0 0 0 5 0 0 0 5 0 0 1 0 0 1 0 0 0 0 0 3 0 0 0 0 0 0 -1 1 0 0 0 0 0 0 0 0 2 0 0 4 0 0 0 0 -1 -1 0 0 0 0 0 0 0 0 0 0 0 0 1 0 0 0 0 0 0 0 0 0 0 0 0 0 0 4 0 0 0 -1 3 0 0 0 4 0 0 0 2 0 0 0 0 -1 0 -4 0 0 0 0 0 0 0 0 0 5 0 0 0 0 0 -1 0 0 0 -3 0 0 4 0 0 0 0 0 0 -4 1 0 5 0 -1 0 0 0 -4 0 0 0 2 0 -4 0 0 0 0 0 0 2 2 0 0 0 4 0 0 0 0
4 3 0 -1 0 -1 0 0 -4 0 0 0 5 0 0 0 0 -1 -3 0 0 0 0 0 0 0 0 0 0 0 0 0 0 0 1 0 0 0 0 0 0 0 -3 0 0 0 0 0 0 0 0 0 0 0 0 0 0 5 0 0 0 0 0 0 0 0 0 0 0 0 0 -2 -2 0 0 -4 0 0 0 0 0 4 0 0 0 0 0 0 -1 0 0 0 0 0 0 0 0 5 0 0 1 0 0 0 0 0 0 0 0 0 0 0 0 0 0 0 0 0 -5 0 0 0 0 0 0 0 0 0 0 0 0 0 -3 0 0 -2 -1 0 0 0 0 0 0 0 0 0 3 0 0 0 0 0 -4 0 0 0 -1 0 0 0 0 0 0 0 0 0 0 0 0 0 0 0 0 0 0 0 0 0 -4 0 0 -1 0 0 0 5 0 0 0 0 0 0 0
4 0 -3 0 0 0 0 0 0 0 0 0 -5 0 0 0 0 0 0 0 0 0 1 -4 0 0 2 0 0 0 0 0 0 -1 0 -1 0 0 0 4 0 4 -1 0 0 0 0 0 0 0 -2 0 2 0 0 0 1 0 0 0 1 0 0 -2 0 0 0 0 5 0 0 0 0 -1 0 0 0 -2 0 0 0 0 0 0 0 0 0 0 0 0 0 0 0 3 0 0 0 0 0 0 0 0 0 0 0 -2 0 0 0 0 -4 0 0 0 0 0 0 0 0 0 0 0 0 0 0 0 0 -1 0 0 0 0 -2 0 2 0 0 0 0 0 0 2 0 3 0 0 0 0 0 0 0 0 0 -2 0 1 3 0 0 -1 0 0 -3 0 0 0 0 0 1 0 0 0 0 0 0 0 0 0 4 -5 0 2 0 0 0 0 0 0 0 0 0 0
4 0 1 0 0 0 0 0 0 0 -2 0 -2 -1 -4 0 0 0 0 0 0 0 0 0 0 0 0 1 1 0 0 -5 0 0 0 0 0 0 0 0 0 0 0 0 0 0 0 3 0 0 0 0 0 0 0 0 0 0 0 0 0 0 0 3 0 0 0 3 0 2 0 0 0 5 0 0 0 0 0 0 0 0 0 0 -2 0 0 -1 1 -3 0 0 0 0 0 0 0 1 0 0 0 0 0 0 0 0 -4 0 0 4 -2 0 -4 0 -5 0 0 0 0 0 5 0 0 1 0 4 0 0 0 0 0 0 0 0 0 0 3 0 0 0 -3 0 -5 0 1 0 0 0 0 0 0 0 0 0 0 0 -3 0 0 0 2 0 0 -2 0 0 4 0 0 0 0 0 0 5 0 0 0 0 -2 0 0 -2 0 0 0 1 0 4 0 3 0
-3 0 0 0 1 0 0 0 0 0 0 0 0 -1 0 0 0 0 0 0 0 0 0 3 0 4 0 -4 1 0 0 2 5 0 0 0 0 0 0 0 0 -3 2 0 0 0 0 0 0 0 0 0 0 0 0 0 0 0 0 1 0 0 0 0 0 0 0 0 0 0 0 0 0 0 0 -1 0 0 0 0 0 0 0 -1 0 0 0 0 0 -5 0 2 0 0 0 0 -4 0 0 0 -1 0 0 0 0 0 0 0 0 -2 0 0 0 0 0 5 -3 -4 0 0 0 0 0 0 3 0 0 0 0 0 0 0 0 5 0 0 -2 0 0 0 -2 0 0 0 0 0 0 0 0 -3 0 0 0 0 0 0 0 -2 0 0 0 -4 0 0 1 0 0 0 0 0 0 0 1 0 0 0 0 0 0 0 0 0 0 0 0 0 4 0 0 4
-8 0 4 0 0 0 0 0 0 0 0 0 -2 -1 1 0 5 0 0 0 0 0 0 0 0 0 0 0 0 0 0 0 0 0 0 0 0 0 0 0 0 0 0 0 0 0 -1 0 0 0 0 0 2 0 0 0 0 0 0 1 0 0 0 0 0 4 0 0 0 -3 0 0 0 0 0 0 0 0 0 0 0 0 2 2 0 0 0 0 0 0 -4 -4 -1 0 -3 0 0 5 0 0 1 0 0 0 0 0 0 0 -2 0 0 0 0 0 0 0 0 0 -2 0 0 5 0 3 0 0 0 0 0 0 0 0 0 4 0 0 0 0 0 0 0 0 0 0 0 0 0 0 3 0 0 0 3 0 0 -2 0 0 0 1 0 -2 -4 2 2 0 0 0 0 0 0 0 -4 -2 0 0 0 0 0 -2 -2 0 0 0 0 0 2 0 0
-7 0 0 0 0 -3 0 1 0 0 0 0 0 0 0 0 0 0 0 0 0 0 1 5 0 0 0 0 0 0 0 3 -1 2 0 0 0 5 0 0 0 0 1 0 0 0 0 0 0 0 3 3 0 0 0 0 -4 0 0 4 1 0 0 0 3 0 0 0 2 0 0 0 0 0 0 0 0 0 0 0 -3 3 0 0 0 0 0 0 3 0 0 0 0 0 0 0 0 0 0 0 0 0 0 0 0 0 0 0 0 0 0 0 0 0 2 0 0 2 0 0 1 0 0 0 0 -1 -4 0 0 0 0 0 0 0 0 0 0 0 0 0 0 0 3 0 1 2 1 4 -2 0 0 0 0 0 -1 0 1 0 0 0 0 0 0 0 0 0 0 0 0 0 0 0 0 0 -1 0 0 0 0 0 5 0 0 0 -1 3 0 0
5 0 0 5 0 0 0 0 0 0 0 0 0 0 1 0 0 0 0 0 0 0 0 4 0 0 4 0 0 0 0 0 -1 0 0 0 0 0 0 0 0 0 0 0 0 0 0 0 -1 0 1 1 0 0 0 0 -5 0 0 0 0 0 3 0 0 0 0 0 0 0 0 0 0 0 -4 2 0 -1 0 0 0 4 0 0 0 0 0 2 -1 0 0 5 0 0 2 0 0 0 1 5 0 0 0 0 0 0 0 0 0 0 0 0 0 0 0 0 0 0 0 -1 -5 -4 0 0 0 0 5 0 0 0 0 4 0 0 0 0 0 0 0 3 0 3 0 0 0 0 0 0 0 0 0 0 3 0 0 -5 1 0 0 5 0 0 0 0 0 0 0 0 0 0 0 -5 0 0 0 0 0 0 0 0 0 0 -2 -5 0 0 0
-10 0 0 0 3 0 0 0 0 0 0 0 0 0 5 -5 0 -5 0 0 0 0 0 0 0 0 2 0 0 0 1 0 0 0 0 0 0 -1 0 0 0 0 0 0 0 -5 0 -4 0 3 0 0 0 0 0 0 0 0 0 3 0 3 0 0 -1 0 0 0 0 0 0 0 0 0 0 -1 0 0 0 0 0 0 0 0 -5 -5 0 0 0 0 0 0 0 0 0 0 0 0 0 0 -3 0 3 0 0 0 -3 0 0 0 1 0 0 0 0 0 0 0 0 0 0 5 0 0 0 0 0 0 0 0 1 0 0 0 0 0 0 0 1 0 0 0 0 0 0 0 0 0 0 0 0 0 3 0 2 0 0 1 0 0 0 0 0 -5 5 0 0 2 0 0 0 0 5 0 0 0 0 0 0 0 2 0 0 0 0 1
8 0 0 0 0 0 0 0 0 0 0 0 0 -1 -3 -5 0 0 0 0 0 0 0 4 0 0 0 0 0 5 0 0 0 0 0 0 0 0 5 0 0 0 0 0 0 0 0 0 0 0 -4 0 2 0 0 0 0 0 0 5 3 0 0 5 2 0 0 0 0 0 0 0 0 0 0 0 -1 3 0 0 0 0 0 -1 0 1 0 0 0 4 -2 2 0 0 0 0 0 0 0 0 0 0 0 -3 0 0 0 0 0 0 0 0 4 0 0 0 0 0 0 0 0 0 0 0 0 0 0 -3 0 0 0 0 3 0 1 0 -1 0 0 0 1 0 0 0 0 0 0 0 0 0 0 0 0 0 0 0 0 0 4 0 0 -2 0 -2 0 0 0 0 2 0 0 0 0 0 -4 0 -2 1 0 -5 0 0 -1 0 0
4 0 0 0 0 0 0 0 0 0 0 0 0 0 0 1 0 1 0 3 0 0 0 0 0 0 0 0 0 0 0 0 0 0 0 0 0 0 3 0 0 0 0 0 0 0 0 0 -5 4 0 0 0 0 0 0 0 0 0 0 4 0 0 0 0 0 0 0 0 -4 3 0 -3 0 0 0 0 0 -3 1 0 0 -3 0 0 0 0 0 2 0 0 0 -5 0 0 0 0 0 0 0 0 0 0 0 0 0 0 0 0 0 0 0 0 0 0 0 0 -4 0 0 0 0 -3 0 0 0 0 0 0 0 0 0 -4 0 0 0 0 0 0 0 5 0 0 -1 0 -3 -4 0 0 0 0 5 0 0 0 0 -3 0 0 0 0 4 0 0 3 0 0 0 0 0 0 0 0 0 0 0 0 4 0 0 0 0 0 0
10 0 0 0 0 0 0 -3 0 0 1 0 0 4 0 0 0 0 0 0 0 0 0 -1 0 0 0 0 0 0 0 2 2 0 0 -5 0 -4 0 5 0 0 0 0 0 0 0 0 0 1 0 0 0 0 0 0 0 0 0 0 -1 0 -5 0 0 0 0 0 0 -2 0 0 0 0 1 0 0 2 -1 0 0 0 0 0 0 0 0 0 0 0 0 0 0 0 0 0 0 0 -3 0 0 0 0 0 0 0 0 -3 0 5 0 0 0 0 0 0 -5 0 0 1 1 1 0 0 -5 0 0 0 0 0 3 0 3 0 0 0 0 1 -1 0 0 0 0 0 0 0 5 0 0 0 1 0 4 0 -3 0 0 0 0 0 0 0 0 2 0 0 0 0 0 4 0 0 1 0 0 0 0 4 -3 0 1 -1 0
-2 0 0 0 0 4 0 0 0 -2 0 0 0 0 0 1 -2 2 -1 0 0 -5 0 0 0 0 0 0 0 0 0 0 0 0 0 0 0 0 5 0 4 0 0 0 0 0 0 0 0 0 3 0 0 0 0 0 3 0 0 0 0 0 0 0 0 0 0 0 0 0 0 0 0 0 0 0 0 0 0 0 0 0 0 0 0 0 2 0 4 0 -2 0 0 0 0 0 0 0 0 0 0 0 0 -5 0 0 0 0 0 -1 -5 1 0 0 0 1 -5 0 0 -5 0 0 0 0 0 0 0 0 0 0 0 0 0 0 0 0 0 0 0 0 0 0 0 0 0 0 0 0 0 5 0 0 0 0 0 0 0 0 0 0 0 0 0 0 -5 0 0 0 0 5 0 5 0 0 -5 -3 0 -3 4 0 0 -1
-10 0 0 -4 0 0 0 0 0 0 0 0 4 0 0 0 -3 3 0 0 0 0 0 0 4 -2 0 0 0 0 0 0 -3 0 0 2 0 0 0 0 0 0 0 0 0 0 0 0 0 0 0 0 0 0 0 0 4 0 0 2 0 0 0 0 1 -1 0 0 -5 0 0 0 0 0 0 0 0 0 0 0 0 -4 4 0 0 0 0 0 -2 0 0 -5 0 0 0 0 0 1 0 0 -3 0 0 0 0 0 0 0 0 0 0 0 0 -5 0 0 4 -2 0 0 0 -2 0 0 1 -2 0 0 0 1 1 0 0 0 4 4 0 0 0 0 0 0 0 0 2 0 1 0 0 3 0 1 0 0 0 0 -1 0 0 -5 0 0 0 0 0 0 0 0 0 -1 0 0 0 0 0 0 0 0 0 0 0
-6 0 0 0 0 0 1 -1 0 0 -1 0 4 0 0 1 0 0 0 0 -2 0 0 0 0 0 5 0 1 0 0 4 0 0 0 0 0 0 0 0 0 0 0 0 0 0 0 2 0 0 0 0 0 0 0 2 0 0 0 1 -4 0 -3 -5 -3 0 0 0 0 0 0 0 -5 0 0 0 0 0 0 0 -1 0 0 0 0 0 3 0 0 0 0 0 0 2 0 0 0 0 0 5 1 0 0 0 0 0 0 0 0 0 0 0 0 0 0 1 0 -1 0 0 0 -5 0 0 0 0 0 0 0 0 0 0 0 0 0 0 0 0 0 0 0 0 -3 0 0 0 0 0 4 -5 0 0 0 0 0 0 0 -3 0 -1 0 0 5 2 0 0 1 4 0 -3 0 0 0 0 0 0 0 0 0 -2
7 0 -4 0 0 0 0 0 0 0 0 0 0 0 0 0 0 0 0 0 0 0 0 0 0 0 -5 0 4 0 0 0 0 0 0 0 0 0 0 -5 1 4 0 0 0 0 0 0 0 0 0 0 -5 -4 0 0 0 0 5 0 0 -4 -2 0 0 0 0 0 -4 0 0 0 0 0 0 0 0 0 0 0 5 0 0 0 -2 0 0 4 0 0 0 0 0 0 2 0 -5 -4 0 0 1 0 1 0 0 0 0 0 0 0 0 0 0 0 0 4 0 0 0 -2 0 0 0 0 0 0 0 0 0 1 0 0 0 0 -4 -4 0 0 0 -1 0 0 0 0 4 0 0 -1 0 0 0 0 -4 0 -3 0 0 0 0 0 0 -1 0 0 0 0 2 0 -2 0 2 0 0 0 0 0 3 0 0
4 0 0 0 -3 2 0 0 -3 0 0 0 0 0 0 0 0 0 0 0 0 0 0 0 0 0 0 0 0 2 0 1 0 0 0 0 0 0 0 0 5 2 -1 0 -3 0 1 0 0 0 0 0 0 4 0 0 0 -5 0 0 0 -4 -1 0 5 0 0 0 -5 0 0 0 0 0 0 0 0 0 0 0 0 0 0 -4 0 0 0 0 0 0 -3 -3 0 0 0 0 0 0 0 0 0 -3 0 0 0 0 5 -2 -2 0 0 0 0 0 0 0 0 0 0 0 0 0 0 5 0 0 0 0 0 0 0 0 0 0 -3 0 0 0 -3 -1 0 2 0 0 0 -1 0 0 4 0 0 0 1 0 0 0 0 0 0 0 0 0 0 0 0 0 0 0 0 4 0 0 0 0 0 0 0 0
8 0 0 0 0 0 0 0 0 -4 0 0 0 1 0 -1 0 0 0 0 0 0 0 0 0 0 0 5 0 0 0 0 0 0 -3 0 0 0 0 0 0 0 0 0 0 0 0 -2 4 0 0 0 -1 0 0 0 0 0 0 0 0 0 0 0 0 0 0 0 0 5 0 0 0 0 4 0 -2 -3 0 0 0 0 1 0 2 0 0 0 0 0 4 0 0 0 0 0 0 -4 0 0 0 0 0 0 0 0 0 0 1 0 0 2 0 0 5 0 0 0 4 0 0 0 -3 0 -2 -4 0 0 0 0 0 0 0 4 0 3 0 0 0 0 -1 0 0 0 0 -3 0 0 0 0 0 1 0 -1 5 0 0 0 0 0 0 0 0 0 0 0 0 1 0 0 0 0 0 0 0 0 0
6 0 0 0 0 4 -3 0 0 0 0 0 -3 0 0 -1 4 0 5 0 0 0 0 0 0 0 2 0 0 0 0 2 2 0 0 0 0 0 0 0 0 4 0 0 2 5 0 0 0 0 0 0 0 0 0 0 0 0 0 0 0 0 3 0 2 0 0 -4 0 0 0 -3 0 0 -4 -1 0 0 0 2 0 0 0 -4 0 0 0 0 0 0 0 0 0 0 0 0 0 0 0 0 5 0 0 2 0 4 2 0 0 -2 0 1 0 0 1 0 0 0 0 0 5 -1 2 0 -2 0 0 0 1 0 0 0 0 0 -5 1 0 0 0 0 0 0 -3 0 0 4 3 0 0 0 0 0 0 0 0 0 0 -5 0 0 0 0 4 0 0 0 0 0 0 0 0 0 0 0 0 0
-10 0 0 0 -4 0 0 0 -3 0 0 0 0 0 0 -5 0 3 0 0 0 0 0 0 0 0 -2 0 0 0 -3 0 0 -1 0 0 0 0 -1 0 0 0 4 -1 0 3 -3 0 -2 0 0 0 0 0 0 0 0 0 -2 0 -4 5 0 0 0 0 0 0 0 0 0 0 0 -4 0 0 1 -2 0 0 1 0 0 0 0 0 -2 4 0 0 0 0 2 -5 3 0 0 0 0 0 0 0 0 0 0 0 0 5 0 -1 -2 0 -1 0 0 0 0 0 -2 5 0 0 -1 -5 0 0 -2 0 3 0 0 1 0 0 0 -2 0 0 0 -2 0 0 1 0 -4 -3 -3 0 -3 0 0 0 0 0 0 0 0 -5 0 -1 0 -2 2 0 0 0 0 0 0 0 0 0 0 0 0
-3 0 0 0 0 0 0 0 0 0 0 2 0 0 0 0 0 0 0 -1 4 -3 5 0 0 -3 0 0 0 0 0 0 0 0 0 0 0 3 0 0 0 0 0 0 0 0 0 0 0 2 0 0 0 0 0 0 0 0 0 0 0 0 -3 0 0 -5 0 0 -5 0 0 0 0 0 0 -1 0 3 0 0 0 0 0 0 0 0 0 0 0 0 0 0 0 0 0 0 0 0 0 0 0 0 0 0 0 0 0 0 0 0 0 0 0 1 -5 0 2 3 0 0 0 4 0 0 0 3 0 0 0 -3 3 0 -4 -1 0 0 0 4 0 0 0 0 0 0 3 0 0 2 0 0 0 0 0 0 3 0 0 0 0 0 0 0 -1 -5 0 0 0 -5 0 0 5 0 0 0
-6 2 0 4 0 0 0 0 0 0 0 4 0 0 0 0 -1 0 3 -3 0 0 0 -1 0 0 4 0 0 0 0 0 0 0 0 0 2 0 0 0 0 0 0 0 0 0 0 0 0 0 -3 0 0 0 0 0 0 0 0 -4 0 0 0 0 3 3 -4 -3 0 0 -1 0 0 0 5 0 0 2 0 0 0 0 0 0 0 3 0 0 0 0 0 4 0 0 -4 0 0 0 0 0 0 0 0 0 -2 1 2 0 0 0 0 0 -3 0 0 0 0 0 0 -2 0 0 0 0 2 0 2 1 0 0 2 0 0 2 0 0 0 0 0 0 0 0 0 0 0 0 0 0 0 0 4 0 0 0 0 0 -1 0 0 0 0 0 0 0 0 -5 0 0 0 0 0 2 0
-4 0 0 0 0 1 4 0 -1 0 2 -1 0 0 0 0 -5 0 0 0 0 0 0 0 0 0 0 0 0 3 0 0 0 1 0 0 0 0 0 3 0 0 -4 4 0 0 0 1 0 2 0 0 0 0 0 0 0 0 0 0 0 0 0 4 0 -5 0 0 -5 2 0 0 0 0 0 4 1 0 0 0 -3 0 0 2 0 0 -4 0 4 0 3 3 0 0 0 0 0 0 0 0 -1 0 0 0 0 0 0 0 0 -5 0 1 0 -1 0 5 0 0 0 -1 0 0 0 0 0 0 0 0 0 0 -4 0 0 5 4 0 0 3 0 0 0 0 0 0 0 0 0 0 0 0 0 0 0 0 0 0 0 0 0 0 0 -1 0 0 0 0 0 0 0 0 0 0
1 0 0 0 0 0 0 0 0 0 0 0 0 0 0 0 0 0 0 0 0 0 0 0 -5 0 0 0 0 0 0 0 0 0 0 0 -4 0 0 0 0 0 2 0 0 0 3 0 0 0 2 2 0 0 0 0 0 1 0 0 0 -1 0 0 0 1 0 0 0 0 0 -2 0 0 -1 0 0 -4 0 0 0 0 -1 0 0 0 0 0 0 0 0 0 0 0 -4 -1 0 0 0 1 0 0 0 0 0 0 0 0 0 0 0 -4 -4 4 0 0 0 0 0 0 1 0 0 2 0 0 -5 -4 0 0 0 0 0 0 5 0 0 0 -3 0 0 0 0 0 0 0 -2 0 0 0 0 0 1 0 0 0 0 4 1 0 0 0 0 1 0 4 0 2 0 -5 0
-7 0 0 -2 0 0 0 0 -4 0 0 0 0 1 3 0 1 0 4 0 2 0 0 0 0 0 0 0 0 0 0 0 4 0 0 0 -5 0 0 -1 0 -3 -4 -5 2 0 0 0 2 0 3 -3 0 0 0 0 0 0 0 0 0 1 0 0 0 0 0 0 0 0 0 0 0 0 2 0 0 5 0 1 1 0 0 0 0 0 -1 0 0 1 0 0 0 0 0 -1 0 0 -2 0 0 0 0 0 0 -4 1 0 0 0 0 1 0 -1 0 0 4 2 0 0 0 0 -5 3 0 0 -3 0 3 0 2 0 0 0 0 0 0 0 0 0 0 0 -1 0 0 0 0 0 0 0 0 1 0 0 0 0 0 0 0 0 0 0 -3 0 0 2 0 0 0 0
6 0 -3 0 0 0 0 0 0 0 -3 0 -1 0 0 0 0 0 5 0 0 0 0 0 0 0 0 -1 0 0 0 0 0 0 0 0 0 0 0 0 0 0 0 5 0 0 0 0 5 0 0 3 0 0 1 0 0 -1 0 0 0 0 0 0 0 0 0 0 -3 1 2 0 0 0 0 0 0 0 0 0 0 0 0 0 0 0 0 0 0 0 -1 0 5 0 0 0 0 0 0 0 0 0 0 0 0 0 0 0 0 0 0 0 5 -4 0 0 0 0 0 -3 0 0 0 0 -2 0 0 0 0 -4 0 1 0 0 0 0 5 0 0 0 0 0 0 0 0 5 0 0 1 0 0 0 0 0 0 -1 -1 0 0 0 0 0 0 0 2 0 -1 0 -4
-5 -2 0 0 0 0 0 0 0 0 0 0 0 0 0 -2 0 0 0 -5 0 0 0 0 2 -5 0 2 0 0 -1 0 0 0 0 3 -1 0 0 0 0 0 0 -3 4 0 0 0 -2 0 0 0 0 1 0 0 0 0 0 0 0 0 0 0 -4 0 1 0 2 0 0 -3 0 0 0 0 0 0 0 0 0 0 0 0 0 0 1 0 0 0 0 0 0 0 0 0 0 0 0 -5 0 0 0 0 -4 0 0 2 4 0 0 0 0 0 0 0 0 0 0 1 -4 0 0 0 0 0 0 5 0 0 0 0 0 0 0 0 -3 0 0 -4 0 0 0 0 0 -2 0 0 1 4 0 0 -3 0 0 0 0 0 0 0 0 0 0 4 0 0 0 0
7 0 0 0 0 4 0 0 -3 0 0 0 0 0 0 0 0 0 0 0 0 0 -5 0 0 0 -4 -5 1 0 0 0 -5 0 0 0 0 0 0 0 0 0 0 0 -5 0 0 0 5 0 0 0 0 0 0 0 -1 0 0 0 0 0 0 3 0 0 0 0 -4 0 0 0 0 -4 0 0 0 -3 0 -1 0 -4 -3 0 0 2 -4 0 0 0 -4 -4 0 0 0 0 3 0 0 0 0 1 0 0 0 -4 0 0 0 0 0 0 0 0 0 0 0 0 0 0 0 0 1 0 0 0 0 5 3 0 3 0 0 0 4 0 0 0 0 0 0 0 0 2 -4 -1 0 0 0 0 0 2 0 0 0 0 0 0 0 0 0 0 0 0 -3 0 0
-5 5 0 0 0 0 4 -1 0 0 0 0 5 0 0 0 0 0 0 0 0 0 0 0 4 0 0 0 5 0 0 0 0 0 -4 0 2 0 0 0 0 0 0 -5 0 0 0 0 0 0 0 3 0 0 0 0 0 0 0 0 0 0 0 0 0 0 0 0 0 -3 0 0 0 0 0 0 0 0 0 0 0 0 0 0 5 0 0 0 -1 0 0 0 0 0 0 0 0 0 0 0 0 0 0 0 5 1 4 0 0 0 0 0 0 0 0 0 0 0 0 0 0 0 0 -2 0 -3 0 4 0 0 0 5 0 0 0 0 0 0 0 2 0 0 0 0 0 0 2 -1 0 0 0 0 0 -3 0 0 0 0 1 2 0 0 0 0 0 0
2 0 -4 0 0 0 1 3 0 0 0 0 0 0 4 0 0 0 0 0 0 0 0 0 0 -4 0 0 0 0 -2 0 0 0 0 0 0 0 0 0 0 0 0 0 0 -1 0 0 0 0 0 4 0 0 0 0 5 5 0 0 0 0 0 0 0 0 0 -4 0 -3 0 0 0 -2 0 0 0 -2 0 0 0 0 0 3 0 3 0 0 0 0 0 0 0 0 0 0 0 2 0 0 -4 3 0 5 0 0 0 2 -4 0 0 -1 5 0 1 0 -1 0 0 0 0 0 0 0 0 0 -1 0 0 0 0 0 -5 0 0 0 0 -3 0 -4 -4 0 0 0 0 0 0 0 0 0 0 0 0 -1 0 0 0 0 0 0 0 0 0 0 0
-1 -1 0 -4 0 0 0 0 0 0 0 0 0 0 0 -2 0 0 0 0 -1 0 0 5 0 -5 0 0 0 0 -2 -2 0 -3 0 0 0 0 0 0 0 0 0 0 5 0 0 0 0 0 0 -2 5 0 0 0 0 0 0 -2 0 -3 0 0 0 -3 0 0 0 0 0 0 0 0 0 0 0 -1 0 0 0 0 0 0 0 0 0 0 0 -5 0 0 0 0 0 0 0 0 0 -2 0 0 -5 0 1 0 0 0 -4 0 0 0 0 0 0 5 0 0 0 0 0 -5 0 0 0 0 0 -5 2 5 0 0 0 0 0 0 0 0 0 0 0 5 0 0 0 0 1 -3 0 0 0 0 0 0 0 0 2 -1 0 0 0 0 -3 0
9 -4 0 -3 1 0 0 0 0 0 0 0 0 0 -5 0 4 0 0 0 0 0 0 0 0 0 0 5 0 0 0 0 -3 0 0 0 -1 0 0 0 0 0 0 0 0 0 0 0 0 0 0 0 0 0 0 0 0 4 0 0 0 0 0 5 0 0 0 -3 0 0 0 5 0 0 0 0 0 0 -4 0 0 0 -1 0 0 0 0 3 0 0 0 4 2 -4 1 0 0 2 0 0 0 0 0 1 0 0 1 0 0 0 0 -2 0 0 0 0 4 0 0 0 0 0 0 0 0 0 0 0 0 0 0 0 0 0 0 0 0 0 0 0 0 0 0 4 0 5 0 0 0 0 -3 0 0 0 0 0 0 1 0 0 0 -1 0
5 0 0 0 0 0 0 -2 0 0 0 0 0 0 0 0 0 0 3 0 0 0 0 0 3 0 0 -3 0 5 0 0 0 0 0 0 0 -5 0 0 0 0 0 1 0 0 0 0 1 -3 0 0 0 0 0 0 1 0 0 0 0 0 0 0 0 0 0 1 0 0 0 0 0 0 0 0 0 0 0 0 0 0 0 0 0 -2 -5 -4 0 -1 0 0 0 0 -2 0 0 4 0 2 0 3 0 0 0 0 0 1 4 5 -1 0 2 4 0 0 0 0 0 0 0 0 0 0 -3 -1 0 0 0 -1 0 0 1 0 0 0 -5 0 0 0 0 -2 0 0 -5 0 -3 0 0 0 0 0 3 0 0 0 2 0 0 0 0 0
-5 0 0 1 0 5 0 0 0 0 0 0 0 0 0 0 0 4 0 0 1 0 0 0 0 0 0 0 3 0 0 0 3 0 0 0 0 0 0 -5 0 0 -1 0 0 0 0 0 -3 0 0 0 0 0 0 0 0 0 0 -4 5 0 0 -4 0 0 -1 0 -2 0 0 0 0 0 0 0 4 0 -1 0 0 0 0 0 0 0 0 0 0 1 0 3 0 0 0 0 0 0 0 0 0 0 0 0 -5 0 0 0 0 0 0 0 0 1 0 0 0 -4 -4 -1 0 0 0 0 0 0 0 0 0 0 0 -3 0 0 2 5 4 0 0 0 0 0 0 0 5 0 5 -1 0 0 0 -3 0 3 0 0 0 3 0 0 0
2 0 0 -5 -3 0 0 0 0 0 0 0 0 5 0 0 0 0 0 3 0 0 0 3 0 0 0 0 0 0 -2 0 3 0 -2 5 0 0 0 0 0 0 0 -2 0 0 5 0 0 1 0 0 0 0 0 0 0 0 -1 0 0 0 0 0 0 0 2 0 0 1 2 0 0 -1 0 0 5 0 0 0 0 0 0 3 5 0 0 0 0 0 -1 0 0 0 0 0 0 0 0 -4 0 0 0 0 0 4 0 0 -1 -1 0 0 2 0 0 -3 -3 0 1 -4 4 0 0 5 -5 0 0 0 0 0 0 0 0 0 0 0 0 0 0 0 0 0 0 3 -3 4 0 0 0 0 0 3 0 0 0 0 0 0 0 0
10 5 -1 0 0 -5 0 0 0 0 0 0 0 0 0 3 0 0 0 0 4 0 0 0 0 0 0 0 0 0 0 5 0 0 -3 0 0 0 0 0 0 0 0 0 0 0 0 2 3 0 0 0 0 5 0 0 0 0 0 -1 0 0 0 0 0 0 4 0 0 3 0 0 -1 0 0 -4 0 0 -5 -5 0 -5 0 2 3 -1 0 0 0 0 2 0 0 0 0 -3 0 0 0 0 0 0 0 0 0 0 0 0 0 0 0 0 0 -3 0 0 0 0 0 0 0 1 0 0 0 0 0 0 0 0 -1 0 0 0 0 0 0 0 0 1 0 -3 2 2 0 0 0 0 0 0 0 0 0 0 -1 0 0 0 0
2 0 0 1 0 0 0 0 0 0 0 0 1 0 0 5 0 0 0 0 0 0 0 -4 0 0 4 2 -2 0 0 0 0 0 0 0 0 0 0 0 0 -5 0 -1 4 0 0 0 0 2 0 0 -5 0 0 -5 3 0 0 -5 5 0 0 0 0 0 2 0 5 0 0 0 0 0 -4 5 0 0 1 0 0 0 0 0 0 0 0 0 0 -3 0 4 0 0 0 0 0 3 0 0 0 -5 -5 0 0 0 0 0 0 0 0 0 0 0 0 0 0 0 0 0 3 0 0 0 0 0 0 0 -2 -2 3 0 3 0 0 0 0 0 0 0 0 0 2 0 -5 0 0 -1 0 0 0 0 0 0 0 0 0 0
7 0 0 0 0 0 0 0 0 0 0 0 0 0 0 0 0 0 0 0 0 0 0 0 5 0 0 0 0 0 0 0 0 -1 0 0 -2 0 0 0 0 0 0 0 0 0 0 0 3 0 0 -4 0 0 0 3 0 -1 -5 0 0 0 0 0 1 -3 3 0 0 0 0 0 -1 0 5 0 0 0 2 0 -5 0 3 1 0 0 0 -5 0 0 0 0 0 0 0 0 0 3 0 0 0 -5 0 0 0 0 0 -5 0 4 0 0 2 0 0 0 5 0 0 0 1 5 0 0 0 0 0 0 0 3 0 0 0 -4 0 0 2 0 1 3 0 0 0 1 0 0 0 -4 -5 0 -1 0 0 1 0 -5 0
2 0 0 0 0 0 5 -3 0 0 0 0 0 0 0 -4 0 0 0 0 0 0 0 0 0 5 0 4 5 0 -3 0 3 0 0 -1 4 2 0 0 0 1 0 0 0 3 0 0 0 -4 0 4 0 0 0 0 0 0 0 0 0 0 0 1 0 0 0 5 0 0 -3 0 0 -2 0 0 0 0 0 -3 0 0 0 -4 0 0 0 0 0 0 0 1 0 0 0 0 0 0 0 0 2 5 -1 3 1 0 -3 0 0 0 0 0 1 0 3 0 0 0 0 -4 0 1 0 -5 0 0 -1 0 0 0 0 -5 -2 0 0 0 0 0 0 -1 0 0 0 0 0 0 0 0 0 0 0 0 0 0 0 0
7 0 -1 0 0 0 0 -1 0 0 0 0 0 0 0 0 0 0 0 0 2 1 0 0 0 0 0 0 0 2 0 0 4 0 0 4 0 0 0 0 0 0 0 3 0 0 -4 0 0 0 0 -4 -2 -4 0 2 0 0 0 -2 0 0 0 0 4 0 0 5 0 0 0 0 0 0 0 0 0 0 0 0 0 0 0 5 0 0 1 0 0 0 5 0 0 -1 0 0 3 0 0 0 0 0 0 1 -5 -5 -1 0 5 2 0 0 3 -2 0 0 0 0 0 0 0 0 0 2 0 0 0 0 0 0 0 0 0 0 0 0 0 0 0 0 2 5 0 -3 0 0 0 0 5 0 0 0 4 0 0
6 0 0 0 1 0 0 0 0 0 0 0 0 0 0 0 -5 -1 0 0 0 0 4 0 5 0 0 -5 0 0 0 0 0 0 0 0 0 2 2 1 0 0 0 0 0 0 0 0 0 0 -2 0 0 0 0 0 0 0 0 0 0 -2 0 0 0 0 0 5 3 0 0 -2 0 0 0 0 0 0 0 0 0 0 0 0 0 0 0 0 0 -1 0 0 -4 0 0 0 0 0 0 0 0 0 0 0 -5 0 0 0 0 0 0 0 0 0 0 -1 0 0 0 0 0 0 0 0 0 0 0 0 0 0 0 0 0 0 0 0 -3 0 0 0 0 0 0 3 0 0 0 0 0 0 0 0 1 0
7 0 0 0 0 0 0 0 -4 0 0 0 0 0 0 0 3 0 2 0 0 0 0 0 0 0 -4 5 -3 0 0 0 0 0 0 0 0 -1 0 0 0 0 -3 0 0 0 0 0 0 1 -2 0 0 0 -4 0 0 0 0 0 -1 0 0 0 -1 4 0 4 0 0 2 0 0 -1 0 0 0 0 0 0 0 0 0 0 0 0 0 0 0 0 0 0 0 0 -3 0 0 0 0 0 0 3 0 -1 0 0 0 0 0 0 0 0 0 0 0 0 0 2 0 1 0 0 -4 0 0 5 0 -1 0 0 0 0 0 -3 -1 0 0 0 0 0 0 0 0 0 0 0 0 -4 0 0 0 0 -2
3 0 2 0 0 0 0 1 0 0 0 0 0 0 0 0 0 -2 0 0 0 0 0 4 0 2 5 0 0 0 0 0 0 0 0 0 0 3 0 -4 0 0 0 0 0 0 0 0 0 0 0 0 0 0 0 0 0 0 0 0 0 0 0 0 0 -3 0 0 0 0 -5 0 0 0 0 2 0 0 0 0 0 0 0 -4 0 0 0 0 0 0 -5 0 0 0 0 0 0 0 0 0 0 0 0 0 0 0 0 0 0 0 0 0 0 0 0 0 0 2 0 0 -1 0 0 0 0 0 0 0 0 0 0 0 0 0 0 0 0 0 0 0 0 0 0 0 0 0 -4 -2 0 -2 0 0
1 0 0 0 0 0 0 -1 4 0 0 0 -4 -3 0 0 0 0 0 0 0 -2 0 0 0 0 0 0 0 -5 0 0 0 0 0 5 0 0 0 0 0 5 0 0 0 -2 0 0 0 0 0 0 0 0 0 5 0 0 0 0 2 0 0 0 0 0 0 0 -5 0 0 0 0 0 -5 0 0 0 5 0 0 0 0 0 0 -3 0 -2 -5 0 0 0 0 0 0 3 0 1 0 0 0 0 0 0 0 0 0 0 0 0 0 -4 -1 0 0 -4 0 0 0 0 0 0 0 0 0 0 -3 0 0 0 0 0 0 3 0 0 0 0 0 2 5 4 0 0 1 0 0 0 -3 4 0
-8 0 0 0 0 0 0 0 1 0 0 0 0 0 0 -4 0 0 1 0 0 0 0 1 0 0 0 0 0 0 1 5 0 0 5 0 -4 0 1 0 0 0 0 0 0 0 4 0 -1 0 1 0 0 0 -4 -1 -3 0 0 -4 2 0 0 0 0 0 0 0 2 0 0 0 0 0 -4 0 0 0 0 0 0 0 0 0 0 0 0 0 0 0 0 0 0 0 0 0 0 0 -1 0 0 0 3 0 0 -3 0 1 0 -2 0 0 0 -1 0 0 0 1 0 0 0 0 0 -5 0 0 0 0 -4 0 0 0 0 1 0 0 0 -4 0 -1 0 0 0 -5 -1 0 5 0 0 0
7 0 0 0 0 5 0 0 0 0 -1 0 0 0 5 0 0 0 0 0 4 0 -1 5 0 0 0 2 0 0 0 1 0 0 5 0 0 0 0 3 -1 0 0 0 0 0 0 0 0 0 3 0 1 0 0 0 0 0 0 -1 0 0 0 0 0 0 0 -3 0 0 0 0 0 -2 0 0 0 0 -1 0 0 0 4 0 0 0 0 0 0 -3 0 0 0 0 0 0 0 0 0 0 0 0 0 0 0 0 0 0 0 0 5 5 0 2 0 0 0 0 0 0 0 0 0 0 0 0 0 -4 0 0 0 0 0 0 -4 0 0 0 0 3 0 3 0 0 0 0 0 0 0
5 0 0 0 0 0 0 0 0 0 1 0 0 0 0 0 0 0 0 0 0 0 0 0 -1 0 0 -5 0 0 0 0 0 -1 0 0 0 0 0 0 0 0 0 0 0 0 -2 0 0 1 0 0 0 0 0 2 0 0 0 0 0 0 -4 0 0 0 0 0 -5 0 0 -5 0 0 0 0 0 0 0 0 0 5 0 0 2 0 0 0 0 0 -1 0 0 0 0 0 0 0 0 0 -5 0 0 0 0 0 0 -4 -5 0 0 0 0 0 0 0 0 0 0 0 0 4 1 0 -1 0 3 0 0 0 0 0 0 0 0 4 0 0 0 0 -2 3 0 0 0 0 0 0
1 0 -3 0 -4 -1 0 0 -4 1 0 0 0 0 0 0 0 0 0 0 0 0 0 0 0 0 0 0 0 0 0 0 2 0 0 4 0 0 0 0 0 -3 0 -4 0 0 -4 -1 0 -2 0 -4 0 0 0 0 0 -2 -5 0 0 0 -4 0 0 1 1 -4 -2 0 0 0 0 0 0 0 0 0 0 0 0 2 0 3 0 0 1 0 0 0 3 0 0 5 0 1 1 -3 0 0 4 0 0 0 0 0 0 0 0 3 5 0 0 0 -4 0 0 0 0 0 0 0 0 0 0 0 0 0 0 -4 1 0 1 -5 0 5 0 -3 0 0 0 0 0 0 0 0 0
2 0 0 0 0 0 1 0 0 0 0 0 -3 0 0 0 0 1 0 0 0 0 0 0 0 0 0 0 0 0 0 0 0 -1 -3 1 0 3 0 0 0 0 0 0 0 -3 0 0 0 0 3 0 0 3 -3 0 0 0 0 0 0 0 0 0 0 0 2 0 0 0 0 0 0 0 -1 0 0 0 0 -1 0 0 0 0 2 -1 0 -1 0 0 0 0 0 3 0 0 0 0 0 0 2 0 0 5 -4 0 -1 0 0 0 0 0 0 0 0 2 0 0 0 0 0 0 2 0 0 0 0 0 0 0 0 0 1 4 0 0 -5 0 0 -2 0 4 0 0 -3 0
-1 0 0 0 0 0 0 0 -5 0 3 0 0 -1 5 0 0 0 0 0 0 0 0 0 1 1 0 0 0 0 0 0 0 -3 0 4 0 0 0 -3 0 5 0 0 0 0 0 4 0 0 0 1 0 0 0 0 0 0 -4 0 0 0 0 2 2 -3 0 0 0 0 0 0 0 0 0 0 0 0 -3 0 0 0 0 0 0 0 0 0 0 0 0 0 -2 -4 0 0 0 0 0 0 -4 0 3 2 -1 0 -3 0 0 0 -3 0 0 0 0 1 0 0 -1 0 -5 0 0 0 0 0 -2 0 -1 0 1 1 0 0 3 0 0 0 0 0 0 0 0 0 -2
-5 0 0 0 -1 0 2 0 0 0 -5 1 0 -2 0 0 0 0 0 0 0 -1 0 1 0 0 0 0 3 0 0 -4 0 0 0 1 0 0 0 0 -4 0 0 -5 0 0 0 4 0 -4 1 2 0 0 0 0 0 0 0 0 -5 0 0 0 0 0 0 0 -1 0 0 4 2 0 0 0 2 0 0 0 0 0 0 0 0 0 0 0 0 0 1 0 1 0 0 0 0 0 0 0 0 0 0 0 0 0 0 0 0 0 0 0 0 0 0 0 3 1 0 0 0 0 0 0 0 0 0 0 0 0 0 0 0 -2 -1 0 2 0 0 0 0 5 0 0
-5 0 1 0 -2 0 0 0 -4 -2 0 0 5 0 0 0 0 0 0 0 0 0 0 4 0 0 0 0 0 -3 0 0 0 0 0 0 0 0 0 0 0 4 0 0 0 5 0 0 4 0 0 0 0 -1 0 3 0 0 0 0 0 0 0 -1 0 3 0 0 0 0 0 5 0 0 0 2 -1 -1 0 0 -2 0 0 0 0 0 0 -5 0 0 0 0 0 1 0 5 -1 0 0 0 0 -1 0 0 -2 0 0 0 0 0 0 0 0 3 0 3 0 0 0 0 0 0 -2 0 0 2 -1 0 0 0 0 0 0 -3 0 0 0 0 0 -4 0 5 -1
-1 0 0 5 2 0 0 0 0 0 0 0 0 0 0 -1 0 0 0 0 0 0 0 0 0 0 -5 0 0 0 0 0 0 -4 0 0 0 0 2 0 1 0 0 0 0 0 0 0 -1 0 0 0 5 0 3 0 0 -2 0 0 0 0 -5 0 1 -2 0 0 0 0 0 0 0 0 -3 0 0 0 0 0 0 0 0 0 0 0 0 -4 0 0 -2 0 0 0 0 -2 0 1 0 0 0 0 0 0 0 0 0 0 0 0 0 0 0 0 0 0 1 4 0 0 3 0 0 0 0 0 3 0 0 0 0 0 3 2 2 2 0 0 0 0 0 0
-4 -5 0 0 0 0 0 0 0 0 0 0 0 2 0 0 -1 0 0 4 -1 0 0 3 0 2 0 0 0 0 0 0 0 0 1 0 0 0 0 0 0 5 2 0 0 0 0 0 -3 0 0 0 1 0 0 0 0 -3 0 0 0 0 0 0 0 -1 0 -1 0 -1 -1 0 0 0 0 0 0 0 0 4 -1 0 0 -5 0 0 0 0 0 5 1 1 0 0 0 5 0 0 0 0 0 0 0 0 0 0 0 0 0 0 -1 0 0 1 0 0 0 -3 1 0 0 2 0 4 0 0 0 0 -2 0 0 4 3 0 0 0 0 0 0 0 3
9 0 0 0 0 0 0 0 -4 0 0 0 0 0 5 -1 0 0 0 0 0 4 0 0 0 0 0 0 -5 0 0 0 0 0 0 5 0 0 3 0 0 0 0 -2 0 0 0 5 5 0 0 0 0 -4 0 0 0 0 4 0 0 2 0 0 0 0 0 0 0 4 0 0 0 0 0 0 0 0 2 0 -2 0 0 0 0 0 0 5 -2 0 2 0 -5 0 1 0 0 -2 0 0 0 0 0 0 0 0 0 0 0 0 0 0 0 0 0 0 0 0 0 0 0 0 0 0 0 1 0 0 0 0 0 -2 4 0 2 0 4 0 0 0
-3 0 0 0 3 0 0 0 0 0 0 0 0 0 0 0 0 0 0 -3 0 0 1 0 0 0 -2 0 0 0 0 0 0 0 0 3 3 0 0 0 0 0 1 0 1 0 -4 0 0 -1 0 0 0 0 0 -2 0 -1 0 0 -1 0 0 -5 0 0 0 0 -3 0 0 -3 0 0 0 0 -3 0 -1 0 0 1 0 0 1 0 4 1 0 2 0 0 0 0 0 -1 0 0 0 0 0 0 0 0 1 0 0 -4 0 0 0 0 0 0 -1 0 0 0 2 4 -4 0 0 2 0 -1 0 0 0 0 0 0 0 0 0 0 0 0 0
7 -2 0 0 0 0 0 4 0 0 0 0 0 -1 0 1 0 0 0 0 0 0 0 0 0 0 0 0 0 -5 0 0 0 0 5 0 0 -4 -5 0 0 0 0 0 0 -1 0 0 0 0 0 3 0 -2 0 -3 -5 0 0 0 -3 -4 -3 0 2 0 0 0 -1 0 0 0 0 0 0 0 0 0 0 4 0 0 0 0 0 0 0 0 0 0 -1 0 0 0 0 0 0 5 1 1 0 0 0 0 0 0 0 0 0 0 0 0 0 0 0 0 -2 -1 0 0 0 0 0 0 0 0 0 0 0 0 -1 0 0 -1 0 0 0 1
2 0 0 0 0 0 0 0 3 0 0 0 -5 -5 0 0 0 0 0 0 2 -5 0 0 1 0 5 3 0 0 5 -3 0 0 0 0 -2 0 0 0 0 0 0 0 0 5 0 0 0 0 -4 0 0 2 0 0 0 0 0 4 -5 0 0 0 0 0 0 0 0 0 0 0 0 2 0 0 0 0 -5 0 0 0 0 0 0 -4 0 0 0 0 0 0 -5 0 0 0 0 2 0 0 0 0 0 -3 0 -5 0 0 0 0 0 0 0 -1 0 0 0 0 -4 0 1 0 0 0 1 0 0 0 0 0 2 0 0 0 0 0 0
10 0 0 0 0 0 0 0 1 0 0 0 0 0 0 0 -4 0 -4 0 0 5 5 1 0 0 0 3 0 0 2 -4 0 0 0 0 0 0 0 0 0 -2 0 -3 0 -1 0 -1 0 0 0 -4 -1 0 0 0 -1 0 0 0 0 0 0 0 0 0 3 0 5 5 0 0 0 -5 0 0 0 0 0 0 0 0 -5 0 0 0 3 0 0 0 0 0 0 0 0 0 1 0 0 0 0 0 0 -3 0 -1 0 0 0 -2 -5 5 -3 0 0 0 0 0 0 0 0 2 -2 0 0 0 1 0 -1 -3 0 -2 0 0 0 0
-7 0 0 0 0 -5 -4 0 0 -3 0 0 0 0 5 3 0 -2 5 0 0 0 0 0 0 0 0 0 0 0 0 -2 0 2 0 2 0 0 0 0 0 0 0 0 0 0 0 0 0 0 0 0 0 0 0 0 0 4 0 0 0 0 -2 0 0 0 0 0 0 2 0 0 0 -5 0 0 0 0 -3 0 -5 0 0 0 0 0 0 0 0 0 0 0 -3 0 0 0 -5 0 0 0 -4 0 5 -3 0 -4 0 -4 -1 0 0 0 0 0 0 0 0 0 0 0 0 0 0 0 0 -4 0 0 0 2 0 0 0 0 0
-5 0 4 0 0 -2 0 0 0 0 0 0 1 0 2 0 2 0 -5 0 -4 0 0 0 0 0 0 0 0 0 1 1 -5 0 -5 0 0 -1 3 0 0 -3 0 0 0 0 0 0 0 0 0 0 0 -3 0 0 0 0 0 0 0 0 0 -1 0 3 3 0 0 0 0 1 0 0 4 0 1 0 4 0 -4 0 0 0 0 0 0 0 0 0 -4 0 0 -1 0 0 0 0 0 0 -4 0 0 0 0 0 0 0 0 2 0 0 0 0 0 0 2 0 0 0 0 0 4 0 0 0 -2 0 0 0 0 0 0 0
8 0 0 0 0 0 0 0 0 0 0 0 0 0 0 0 0 0 0 2 0 0 0 0 0 -5 0 0 0 0 0 0 0 0 -1 0 0 0 0 0 0 0 -3 0 0 0 0 0 0 0 0 5 0 0 0 0 0 5 0 0 0 0 0 0 0 0 0 0 0 0 0 0 0 0 0 0 0 0 0 0 0 0 0 -4 0 5 0 0 0 -3 0 3 0 0 0 0 5 0 0 0 0 0 0 0 -2 4 0 0 0 0 0 0 0 0 0 0 0 0 0 0 0 0 0 0 0 -2 0 0 0 0 0 0 0
8 0 0 0 0 1 -5 -4 0 2 1 0 0 0 0 2 0 0 -2 0 0 0 0 0 1 0 0 0 0 0 0 0 0 0 0 2 4 -3 0 3 0 0 0 0 0 0 0 0 -5 0 0 0 0 0 0 0 0 0 0 0 0 0 0 0 -2 0 0 0 3 0 4 0 0 0 0 0 3 0 0 0 0 0 0 -4 1 0 0 0 0 0 0 0 0 0 3 0 0 0 4 0 0 0 0 0 0 0 -1 0 -2 0 -1 -1 -2 4 0 0 0 0 0 0 0 0 -3 0 0 0 0 0 0 -1 0 0
-9 0 -5 3 0 0 0 0 0 -5 0 0 0 0 0 0 3 -5 0 0 0 0 0 -1 0 2 0 0 0 0 0 0 0 0 0 -5 1 0 0 0 0 -5 0 0 4 0 0 0 0 -2 0 0 0 0 -1 0 0 -4 0 0 0 0 0 0 0 -3 0 0 0 0 0 -5 0 0 0 0 2 0 0 -1 0 0 0 0 0 0 0 0 0 0 0 0 0 0 1 0 0 0 0 0 0 0 0 0 0 0 -2 0 0 1 0 0 0 0 0 0 0 0 0 0 0 0 4 0 0 0 0 0 0 0 0
7 2 0 5 0 0 -1 -3 0 1 0 -1 0 0 0 0 0 0 0 0 0 0 0 0 3 0 0 0 0 0 -5 0 0 -2 0 0 0 0 0 0 0 0 0 0 0 0 0 0 0 0 0 0 0 3 0 0 3 0 0 0 0 0 0 0 0 0 0 0 0 0 0 0 0 -3 0 0 3 0 0 0 0 0 0 -2 0 0 0 0 -2 0 0 0 0 -5 -2 0 0 0 0 0 0 0 0 0 0 0 0 1 0 0 0 0 3 5 3 0 0 0 -3 -4 0 -2 0 0 -1 5 0 0 0 0
-10 0 0 1 0 -2 0 0 0 0 0 3 4 0 0 0 0 0 0 4 -2 0 0 -3 0 0 0 0 0 0 5 0 0 1 2 0 1 0 0 0 -3 0 1 0 -5 0 0 1 1 0 0 0 0 0 0 -4 -1 0 0 0 0 -4 0 0 0 0 4 0 0 0 -3 0 0 0 0 0 5 0 0 0 0 0 0 0 0 0 0 4 0 -1 0 0 1 -2 0 0 1 0 0 0 -4 0 4 0 -3 0 0 0 2 2 0 4 0 0 0 0 -1 0 0 0 0 0 0 0 4 0 0 0 0
7 0 0 0 1 -5 0 0 0 0 0 0 0 0 0 0 4 0 0 0 0 0 0 0 0 0 0 -1 0 3 5 0 0 0 5 0 0 0 0 0 0 5 0 0 0 0 0 0 -1 0 3 0 0 2 -4 5 0 0 0 0 0 -1 0 5 3 0 0 -1 0 0 0 0 -2 0 0 0 0 0 0 0 0 0 0 0 0 0 0 0 0 0 0 0 0 0 3 0 0 0 0 0 0 0 -5 0 1 0 0 0 0 -1 0 -4 0 -1 0 0 0 0 1 -3 0 0 0 0 0 0 -4 0
-9 0 0 0 0 0 0 0 0 -1 0 5 0 0 -1 0 0 0 0 0 0 0 0 0 0 0 4 0 0 0 0 0 3 0 0 0 1 3 0 0 0 0 2 0 0 0 -1 0 0 0 0 0 0 3 -4 0 -2 0 0 5 0 0 0 0 3 3 -4 0 0 0 0 -5 3 0 0 0 0 0 0 0 0 -5 0 0 0 0 0 0 0 0 0 0 0 0 -2 0 0 0 0 0 0 0 0 0 0 2 0 0 0 2 -1 0 0 0 1 0 0 0 0 0 -3 0 5 0 -5 0 3
3 0 0 0 0 0 -1 0 0 0 0 0 0 0 0 0 -1 0 0 -2 0 0 0 0 0 0 0 0 0 0 0 0 -2 0 0 0 0 3 0 0 2 0 0 1 0 0 0 0 0 0 0 -1 0 0 -1 0 0 0 0 0 0 0 -1 0 0 0 0 0 0 0 0 0 -1 0 0 0 5 0 -3 0 5 5 0 0 0 0 0 0 0 0 0 0 0 0 4 0 0 0 0 3 0 0 0 0 0 4 0 2 2 0 0 0 -1 3 0 0 2 2 0 0 0 0 0 -5 0 -4
6 0 0 0 2 0 0 0 -2 0 0 5 0 0 0 4 -2 0 0 0 0 0 0 0 2 0 0 -3 0 -1 0 0 0 0 0 -5 0 0 -3 0 0 0 0 0 0 0 0 2 0 0 0 -4 0 0 2 0 0 0 0 0 0 0 0 4 0 0 -1 1 0 -3 0 0 0 0 0 0 0 0 0 -5 0 3 0 0 0 0 0 0 0 -1 0 0 0 0 0 3 0 0 0 0 0 0 0 0 0 0 0 0 4 0 0 4 1 -4 0 0 0 0 0 3 -5 0 1 0 0
-3 0 -3 0 0 0 0 0 0 0 0 5 0 0 0 0 0 0 0 0 4 0 0 0 -2 0 0 0 0 0 0 0 0 0 0 0 0 0 0 0 4 0 3 0 0 0 0 0 0 0 1 0 0 0 0 0 1 0 3 0 -5 0 0 -5 0 0 0 0 0 0 0 0 0 0 0 0 0 -3 0 0 -1 0 -1 0 0 0 3 0 2 0 0 0 -3 1 0 0 -1 0 0 0 0 0 0 0 0 0 0 0 2 0 0 0 0 0 0 0 -1 0 0 -2 0 0 0 0
-10 0 0 0 0 0 0 -1 0 0 0 5 0 0 0 0 -3 0 0 0 0 1 0 0 2 0 -3 0 0 -4 5 -1 0 0 0 0 0 -4 0 -2 0 3 -5 0 0 0 0 0 0 0 0 0 0 0 0 3 0 0 -1 0 0 0 0 0 -1 0 0 0 0 0 0 0 0 0 0 0 0 0 0 0 0 0 0 0 -2 0 0 0 0 0 0 0 0 0 0 0 0 -4 0 -2 0 0 0 0 0 4 0 0 -4 0 0 0 0 0 0 0 0 0 4 0 0 -5 -1
7 0 0 0 1 0 -5 0 0 0 4 0 0 0 0 5 0 0 0 0 0 1 1 0 0 -2 0 0 0 0 3 -2 0 1 0 0 0 1 0 0 0 0 0 0 0 0 -5 0 0 0 0 -1 0 2 0 2 1 0 0 0 0 0 0 0 0 0 0 0 0 -2 0 0 3 0 0 0 0 -5 0 0 0 0 0 0 0 0 0 0 0 0 0 0 0 -5 0 0 0 0 0 0 0 0 0 0 0 0 0 0 0 5 0 0 0 0 0 0 0 0 0 0 0 0
5 -1 0 0 -4 0 4 0 -5 0 0 0 0 0 0 -4 0 0 0 0 0 0 0 0 0 0 3 0 -4 0 0 0 2 0 0 0 -2 0 0 0 4 0 0 0 -4 0 0 -3 -1 0 -2 0 0 0 0 0 -5 0 0 0 0 5 -2 0 -5 0 0 0 4 0 0 5 0 0 0 0 0 0 0 0 0 0 0 0 0 0 0 0 0 0 0 0 0 0 0 0 0 0 0 0 0 0 0 0 0 0 0 0 0 0 0 0 0 0 0 0 -3 0 0 0 -5
-4 0 0 0 0 0 3 0 0 0 0 0 0 0 0 0 2 2 0 0 0 0 0 0 -4 0 0 0 0 0 0 0 0 0 0 3 0 0 -3 0 0 0 0 0 0 -1 0 0 0 0 0 0 5 0 0 2 -2 0 0 0 0 0 0 0 2 0 0 0 -3 0 0 0 0 0 0 0 0 0 0 0 0 0 -5 0 0 0 0 -2 0 1 0 0 0 0 0 0 0 0 -4 0 0 0 0 0 0 0 0 0 0 0 0 0 0 0 0 0 0 -3 0 0
6 0 0 0 -1 0 0 0 -2 0 0 0 0 -2 0 5 -4 -1 0 0 0 0 0 0 -2 0 0 0 0 0 0 0 0 -5 -3 -1 0 0 0 0 0 0 0 0 0 0 1 0 0 0 0 0 -3 2 4 -4 0 0 0 0 4 3 0 0 0 0 0 0 0 0 2 0 0 0 0 0 0 -2 0 0 0 0 0 0 2 0 0 0 0 0 0 0 1 0 0 0 0 0 0 4 0 0 0 0 0 0 -5 0 0 1 0 0 -4 5 0 0 1 0 0
10 0 -4 0 0 0 0 0 0 1 0 0 0 1 0 0 0 0 0 0 0 0 0 0 0 0 0 0 -5 0 0 2 0 0 2 0 0 0 0 0 0 0 0 -3 0 0 0 0 0 0 0 0 0 0 0 0 1 0 0 0 0 0 0 3 0 0 0 0 0 0 0 1 0 0 0 0 0 0 1 0 0 -5 4 0 0 -1 5 0 0 0 0 2 0 3 0 -2 0 1 -5 0 0 0 0 0 0 0 0 0 4 0 -4 0 0 -3 2 0 0 0
-10 0 0 0 0 -1 0 0 0 2 0 -2 0 -1 0 0 0 0 0 0 0 0 -1 0 -5 0 0 0 0 0 0 -3 4 0 1 0 0 5 3 0 0 0 0 0 0 0 0 2 1 0 0 0 0 0 0 0 0 0 0 0 0 0 0 0 0 0 0 0 0 0 0 0 0 -1 0 0 0 0 0 0 0 0 0 0 -2 0 0 0 0 0 0 0 0 0 0 0 0 0 -2 0 0 0 0 0 0 -2 0 -2 0 1 0 0 0 0 0 0 0
5 -1 0 0 0 0 0 0 -4 0 0 0 0 5 0 3 3 0 0 0 0 0 2 0 0 0 3 3 0 0 0 -1 0 0 0 0 0 0 -4 0 0 0 1 0 0 0 0 0 0 0 0 0 0 -1 4 5 0 0 0 0 4 0 2 -1 0 0 0 0 0 5 2 0 0 -3 0 0 0 0 0 0 0 0 0 0 0 0 0 0 -1 0 0 0 -5 3 -4 0 0 5 1 -3 0 0 0 0 1 0 0 5 0 0 0 0 -5 -1 0 -2
-3 0 0 -1 0 0 0 4 5 0 0 2 0 0 0 0 0 0 0 0 0 0 3 0 0 0 0 3 4 0 1 0 1 0 0 0 -5 0 -1 0 0 0 0 0 0 0 -2 0 0 0 0 4 0 0 0 0 -4 0 0 0 0 0 0 -1 0 0 0 0 0 0 0 -1 0 -4 0 0 1 0 0 0 -2 0 0 0 0 0 0 0 0 0 0 0 0 -4 0 0 0 0 0 -2 0 0 0 0 0 0 0 0 1 0 0 0 0 0 3
4 0 0 0 0 0 0 0 0 -2 -3 0 0 0 0 0 2 0 0 0 0 0 0 0 0 0 0 5 0 0 0 0 4 0 0 0 0 -1 4 0 0 0 0 0 0 0 0 0 0 0 0 0 0 0 0 0 1 0 0 -5 0 0 0 5 1 0 0 0 1 0 0 0 0 0 0 0 0 0 0 0 0 0 0 0 0 0 0 0 0 0 0 0 0 0 0 3 0 0 0 0 0 0 0 2 0 5 0 0 0 -5 0 0 5 0
9 0 0 0 0 0 0 0 -2 0 0 0 1 1 0 0 1 0 0 0 0 0 0 0 0 0 0 -1 1 0 0 2 0 0 0 0 0 0 -4 3 -1 5 0 0 -1 0 0 0 0 0 0 0 0 0 0 0 5 -1 3 0 0 0 0 0 0 0 2 0 3 0 0 0 0 0 0 0 0 0 2 0 0 1 0 -1 3 5 4 1 0 0 0 0 0 5 0 0 0 -5 0 0 0 0 0 0 0 0 0 0 0 0 -4 -1 4
5 3 0 0 0 0 0 0 0 0 0 0 0 0 0 0 0 0 0 0 0 0 0 0 0 -3 -4 0 0 3 0 0 0 0 0 0 0 0 0 0 0 0 0 0 -4 0 0 2 0 0 0 0 0 0 0 0 0 0 0 0 3 0 0 -1 0 0 -4 0 1 0 0 0 -3 4 0 0 0 0 0 0 0 0 0 0 0 0 2 0 4 -1 0 0 0 0 0 1 0 0 -4 0 0 0 0 -2 0 0 0 0 0 0 0 0
6 0 -1 -3 0 0 0 0 0 -1 0 3 0 0 2 0 0 0 0 0 0 0 0 0 0 -3 0 0 0 0 0 0 0 0 0 0 0 0 3 0 2 0 0 0 0 0 -3 0 0 -2 0 1 0 -2 0 0 0 0 0 0 0 -5 -2 0 0 0 0 0 0 0 0 -1 0 0 0 -2 0 0 -3 0 0 0 0 3 0 0 0 0 0 0 0 0 0 0 0 0 0 0 0 0 0 0 0 4 0 0 0 0 0 0 0
2 0 0 -3 0 0 1 0 0 0 0 0 0 -4 -1 0 0 0 0 0 0 0 0 0 0 -4 0 -1 0 0 0 0 -5 0 0 -4 0 -4 0 0 2 0 0 0 0 0 0 0 0 0 2 -3 0 1 0 0 5 0 0 0 4 0 -4 0 0 1 0 0 1 0 0 0 -5 5 0 0 0 0 0 4 0 0 0 0 0 0 2 0 0 0 0 0 -1 0 0 0 0 0 -5 0 3 0 0 0 1 0 0 0 0 0
2 0 0 0 0 0 0 0 0 0 0 0 0 0 0 0 0 0 5 0 0 0 0 0 0 0 0 0 -3 0 0 0 0 0 0 0 0 3 -1 0 0 0 0 0 0 5 0 0 0 0 0 0 0 0 0 0 0 0 0 -3 0 0 0 0 0 0 0 0 -2 0 0 0 0 0 0 0 0 0 0 0 2 0 0 0 0 0 0 0 0 0 0 0 0 0 0 0 0 0 0 5 0 -1 -5 0 -1 0 0 5 0
5 -2 0 0 3 0 -1 0 0 0 1 -1 -2 -1 0 0 0 0 0 0 0 0 0 0 0 0 1 0 0 1 0 0 0 0 -3 -1 0 0 0 0 0 0 0 0 -5 0 -4 0 0 0 0 0 0 0 0 0 0 0 0 0 0 5 -4 0 0 3 0 -4 1 0 0 0 0 0 4 0 0 0 0 -1 0 4 0 0 -1 0 0 0 0 0 0 -4 0 0 2 -3 0 0 0 -1 0 3 0 0 0 0 0 -1
-3 -4 -4 0 0 0 0 0 0 4 -2 2 0 -5 0 0 0 0 0 0 0 5 0 0 0 0 0 0 0 -3 0 0 0 0 0 0 0 0 0 -2 1 0 2 0 0 0 0 0 0 0 0 0 5 0 4 -1 0 0 0 0 0 0 0 2 0 -1 0 0 0 1 0 0 1 0 -4 0 -3 0 0 0 0 -1 -2 0 0 0 0 1 0 0 0 0 0 0 0 0 0 0 0 0 1 0 0 0 2 0 0
-2 0 0 0 0 0 0 0 0 3 0 0 0 0 0 0 0 0 0 0 0 0 0 0 -2 0 1 0 3 -1 0 0 0 0 0 0 0 0 3 -4 0 0 0 0 0 5 -1 0 0 0 1 0 0 5 0 0 0 0 0 0 -1 0 0 0 0 0 0 0 0 0 0 0 0 0 0 0 0 0 0 0 0 0 -1 0 0 0 -5 -3 0 0 5 0 -5 0 0 -3 0 -2 0 0 -3 0 0 0 0 -1
-1 0 0 0 0 0 0 0 0 0 -2 0 -5 0 5 0 0 0 0 0 -2 0 0 0 0 0 0 1 0 1 0 0 1 1 5 0 0 0 0 0 0 0 0 5 5 0 0 0 3 0 0 0 0 0 0 0 0 0 0 0 0 0 0 0 0 0 0 -5 0 0 0 -1 0 0 1 0 0 0 -5 0 0 0 0 0 0 5 0 0 0 0 0 0 0 -5 -1 0 0 0 0 -5 0 0 0 0 0
-7 0 0 0 -3 -4 0 -2 0 0 0 0 2 0 0 0 0 0 5 1 -5 0 5 -4 0 3 2 0 0 -1 0 0 0 0 0 -4 0 1 0 4 0 -2 0 0 0 0 0 0 0 0 0 0 4 3 0 0 0 0 5 0 0 0 0 0 0 0 -1 0 0 0 0 0 0 0 0 0 0 0 0 0 0 0 0 -1 0 -2 0 -1 0 0 0 0 0 0 -1 0 -2 0 -5 0 0 0 -4 2
-10 0 2 0 4 4 0 0 0 0 5 0 0 0 0 1 0 0 2 0 0 0 0 0 0 5 -2 0 0 0 0 -1 0 0 0 0 -2 0 0 -5 0 0 0 0 0 0 0 0 -2 -1 0 0 0 0 -2 0 0 0 0 0 0 3 0 -1 0 0 0 -2 4 2 0 0 0 0 0 0 0 0 0 0 0 0 0 0 5 0 0 0 3 -5 0 -3 0 -4 0 0 0 3 0 0 1 0 0
-6 0 1 -3 0 0 0 0 0 0 -1 3 0 0 0 0 0 0 0 0 0 0 2 0 0 0 0 4 0 0 0 -5 0 5 0 0 0 0 0 0 0 0 0 0 0 0 0 0 0 0 0 0 0 0 0 0 0 -5 0 5 0 0 4 0 0 -5 0 0 0 0 0 -5 0 0 0 0 0 1 0 0 0 0 0 0 -5 0 1 0 0 -1 0 0 0 0 0 0 3 0 0 2 0 3
-8 0 0 0 0 0 0 0 0 0 0 0 0 1 0 0 0 0 0 0 0 0 5 0 0 0 0 0 0 0 0 0 0 0 0 0 0 0 0 0 0 0 -1 3 0 0 0 0 2 0 -3 0 0 -2 0 0 0 0 0 0 0 -1 0 0 0 0 0 0 0 0 0 0 0 0 0 3 0 0 0 0 -3 0 0 0 0 0 -1 0 0 0 0 0 0 0 0 0 0 -4 0 0 0
-1 0 0 0 -5 0 0 0 0 0 0 0 0 0 0 0 0 4 0 0 1 0 4 0 0 0 0 0 4 0 0 2 0 0 0 0 0 0 0 -5 0 0 0 0 0 0 0 2 0 0 0 0 0 0 0 1 -3 0 0 0 0 0 1 0 0 0 0 -4 0 0 0 0 4 0 0 0 2 0 0 0 -3 0 0 0 0 0 0 0 0 0 0 0 0 0 -2 0 0 0 0 -5
-1 0 0 4 0 0 0 0 0 0 0 0 0 0 0 0 0 0 5 0 0 0 0 0 0 0 0 0 0 0 0 0 0 0 0 -4 0 0 0 0 0 0 1 3 0 0 0 0 0 0 0 -5 0 0 0 0 0 0 0 0 0 0 0 0 0 0 0 0 0 0 0 0 0 0 0 0 -5 0 0 0 0 0 0 3 0 0 0 0 0 0 0 0 0 -2 0 0 0 0 -4
6 0 0 0 0 0 3 -5 0 0 0 0 0 0 0 0 0 0 0 0 0 0 -2 0 0 0 0 0 0 0 0 0 0 0 0 1 0 0 1 4 0 2 0 0 2 0 -1 0 0 0 0 0 0 0 0 0 0 0 0 0 0 -3 -1 0 -5 -1 0 0 0 5 0 5 0 0 0 0 0 0 0 0 0 0 0 0 0 4 0 0 0 0 0 0 0 0 0 5 0 0
6 0 0 0 0 1 -1 0 0 0 2 0 0 0 0 0 -1 0 -2 0 0 0 -1 0 0 0 -2 0 0 -4 -3 0 0 0 0 0 0 0 0 0 0 0 0 0 0 0 0 0 0 0 0 0 0 0 1 0 0 0 0 0 0 0 -3 0 0 5 0 0 0 0 -3 0 0 3 1 0 0 -4 0 0 0 0 -2 0 0 0 0 3 4 0 -4 0 1 0 5 0 0
4 2 0 0 4 5 0 0 0 0 0 5 0 -2 0 0 5 0 0 0 0 0 0 -2 0 0 0 0 0 1 0 0 0 3 0 0 0 1 4 0 0 0 -1 0 0 0 0 0 0 0 0 0 -1 0 0 0 0 0 3 0 0 5 0 0 0 0 0 0 0 -3 4 0 0 0 0 -4 0 0 0 0 0 0 0 0 0 0 0 0 0 0 4 0 0 0 0 1
-1 0 0 0 0 0 0 2 0 0 0 0 0 0 3 -4 0 -4 0 0 0 0 0 0 5 3 0 -3 1 0 0 2 0 0 0 0 0 0 0 0 -1 0 0 0 0 0 0 0 0 0 0 0 0 -2 0 0 0 0 0 0 0 0 0 0 0 0 -3 0 0 0 0 0 0 0 0 0 4 0 0 0 0 0 0 0 0 0 0 -2 0 0 0 0 0 5 -3
9 0 0 0 0 0 0 0 1 0 0 0 0 0 0 0 0 0 0 0 0 0 4 0 0 0 0 0 0 -3 3 0 0 0 0 0 0 0 0 0 0 0 0 0 0 0 0 0 0 0 0 0 0 2 -1 0 0 0 0 0 0 0 4 0 0 3 0 0 0 0 0 0 0 0 -4 0 1 0 -2 0 -2 0 0 0 0 2 0 0 3 0 0 0 0 1
-9 0 0 0 -1 0 0 0 -5 2 0 0 0 0 0 0 0 3 0 0 0 0 0 0 0 -4 0 0 0 0 0 0 0 0 3 1 0 5 0 -1 0 5 0 0 0 0 0 2 -2 -2 0 -4 0 0 0 0 0 0 -3 0 0 0 3 0 0 4 -1 0 0 0 0 0 0 0 0 0 0 0 0 -5 0 0 0 0 2 0 0 0 1 0 0 0 0
-1 0 0 4 0 0 0 0 0 0 -3 0 0 0 0 4 0 0 0 0 0 0 0 3 0 0 5 0 0 0 0 0 -2 0 0 0 0 0 0 -2 -1 -4 0 0 0 0 0 5 -4 0 0 0 -5 0 0 0 -2 0 0 0 0 0 0 0 4 5 0 0 0 4 0 0 0 0 0 0 0 0 0 4 0 0 0 0 0 0 1 0 0 0 0 2
10 0 0 2 0 0 0 0 -3 4 4 0 0 0 0 0 0 0 0 0 3 0 3 0 0 0 0 0 0 0 0 0 0 2 0 0 0 0 0 0 0 0 0 0 0 0 0 0 0 0 0 0 0 0 0 0 0 0 0 1 0 0 0 0 0 -4 -1 0 0 0 0 0 -5 3 0 -2 0 4 0 0 0 2 -1 0 0 0 0 -1 -5 0 0
9 -2 -5 5 0 0 2 0 0 0 0 -4 0 0 -1 0 0 0 0 1 0 0 -5 0 0 0 0 0 0 -1 0 5 0 0 -5 0 0 0 0 0 0 0 0 0 0 0 3 0 0 0 0 0 0 0 -2 2 0 0 0 3 0 0 3 0 0 0 0 0 3 0 3 -1 4 0 0 -5 1 1 0 -1 3 0 0 0 0 0 0 0 1 -1
-7 0 0 0 0 0 4 0 0 0 -2 0 0 0 0 4 0 0 0 0 -5 0 0 0 0 0 0 0 0 0 3 0 0 5 -1 -2 0 0 0 0 0 0 0 0 0 4 -1 -1 0 0 4 0 -3 -1 0 0 0 0 0 0 0 0 0 0 0 0 0 5 0 0 0 0 0 0 0 0 0 0 0 0 5 -5 0 0 0 0 0 -2 0
-9 0 0 0 0 3 0 0 0 0 0 0 0 0 0 0 0 0 1 0 0 0 0 0 -2 1 0 0 0 0 0 0 -1 0 0 0 0 0 0 0 0 0 0 0 3 0 5 -3 0 0 -1 0 0 0 0 0 0 0 0 0 0 0 0 0 -3 1 2 0 0 0 0 0 0 -2 -1 0 0 0 0 0 0 0 0 0 0 0 5 0
-8 0 0 0 0 -2 0 0 0 0 0 0 4 0 0 0 -4 0 0 1 0 0 0 0 -3 0 0 0 0 0 0 -4 0 0 0 0 0 0 0 0 0 0 0 0 -3 0 0 0 0 0 0 0 0 3 0 0 -3 0 0 0 1 0 0 0 0 5 0 0 0 0 0 0 0 0 0 0 0 1 0 0 0 0 5 0 0 0 5
7 0 0 0 0 0 0 0 0 0 0 0 0 0 0 1 0 -5 3 5 0 0 0 5 0 0 0 -4 0 -1 0 -1 3 0 0 4 0 0 0 0 0 0 -3 0 0 0 0 0 0 0 0 0 0 0 0 5 -2 5 0 0 -1 0 0 0 2 0 0 0 2 0 -2 -3 1 0 0 0 -1 0 0 -1 0 0 0 0 0 0
4 0 0 0 0 0 0 0 0 0 0 0 0 0 0 0 1 0 1 0 -3 -4 0 0 2 -3 0 0 0 0 0 0 0 0 0 5 5 0 0 0 4 0 0 0 0 0 0 3 0 0 -1 -4 0 0 0 0 0 0 0 1 0 0 0 0 0 0 0 0 0 0 0 0 0 -3 0 0 0 -3 0 0 -1 0 0 2 0
2 -4 0 3 0 0 0 0 0 0 0 0 1 0 0 0 0 0 0 0 0 0 0 0 0 1 0 -3 0 -2 1 0 0 0 0 0 -3 -1 -4 0 0 0 0 0 0 1 0 0 -1 0 0 1 0 0 0 0 0 0 0 0 0 0 -5 0 0 0 0 0 0 0 0 0 0 0 -1 0 0 -4 0 0 0 -4 -1 0
2 0 0 0 0 0 0 0 -2 2 0 2 0 0 0 0 0 0 -3 0 2 0 0 0 0 -1 0 0 0 0 0 0 0 0 -1 2 0 0 0 -5 0 0 0 0 0 3 1 -1 0 0 0 0 0 0 5 0 0 0 0 0 0 0 -2 1 0 0 0 -3 0 0 -4 0 4 0 0 0 0 0 0 0 0 0 0
-4 1 0 1 0 2 0 0 0 0 -3 0 0 0 0 0 0 0 0 0 0 0 0 0 0 0 0 -3 0 0 0 0 0 0 0 0 0 -2 0 -1 0 0 0 0 0 0 -5 0 0 0 0 2 0 0 -1 0 4 0 5 2 0 0 0 2 0 -5 0 0 0 0 0 0 0 0 0 0 0 0 0 0 3 -5
3 0 0 0 0 1 1 5 0 3 0 0 0 -4 3 1 4 0 0 0 0 -2 0 2 2 3 0 0 4 -2 0 0 0 0 0 0 0 0 3 0 0 0 -1 -1 0 0 2 0 0 0 -1 0 0 -5 0 0 3 0 -1 0 0 0 0 1 -5 2 0 0 1 0 1 1 0 0 0 0 0 0 0 0 0
2 0 0 0 0 -1 -3 0 0 0 0 0 0 5 0 0 0 0 0 0 0 0 0 0 0 0 0 0 0 0 0 0 0 0 0 0 0 0 1 0 0 -5 5 0 0 0 -4 -4 0 0 0 0 0 0 0 0 3 0 -3 0 0 0 0 0 -3 0 -2 0 3 0 0 0 3 -2 0 0 0 4 0 0
6 0 0 0 0 0 0 0 0 0 0 0 0 -1 5 0 0 0 0 0 -1 0 0 0 0 1 -1 0 0 0 0 0 0 1 0 0 0 3 0 0 1 0 4 0 0 0 0 0 0 0 0 -4 0 0 0 0 0 0 1 0 0 0 0 0 0 0 0 0 0 0 0 0 0 0 0 0 0 0 0
5 3 0 0 0 0 0 0 0 0 0 0 0 0 0 1 0 0 0 4 0 0 0 0 0 0 0 0 0 0 0 0 0 1 0 0 0 0 0 0 0 0 0 0 2 0 4 -2 0 0 0 0 2 0 0 0 0 5 0 0 0 0 0 0 0 0 0 0 0 3 0 2 0 0 0 0 0 0
3 0 0 0 0 -1 0 4 0 -4 -4 0 3 0 -3 0 0 -4 0 0 5 -4 0 0 -1 0 -3 0 0 0 0 0 4 0 0 0 0 0 -1 0 0 0 0 0 0 0 0 0 0 0 0 0 0 0 0 0 0 5 0 0 0 0 0 0 0 0 0 0 0 0 0 0 -5 1 0 -5 0
1 0 0 0 0 0 0 3 0 0 -5 -5 0 0 0 0 5 3 0 0 0 -4 0 0 0 0 0 0 0 0 0 0 -5 0 0 5 3 0 0 -5 0 2 0 0 0 -1 0 0 0 0 0 5 0 0 0 0 0 0 0 0 0 0 0 1 0 0 -3 -1 0 0 0 0 0 0 1 0
-6 5 -1 0 0 0 0 0 0 0 -5 0 5 -1 0 -2 0 1 2 0 0 0 -3 0 0 2 0 4 0 0 0 0 0 0 0 0 0 0 0 -4 1 0 0 0 4 0 0 -4 0 0 -5 0 0 0 0 0 0 0 1 -3 -2 0 0 0 -3 0 0 -1 -3 0 0 0 -1 -5 4
9 0 0 0 0 0 0 0 0 0 0 0 0 0 0 0 0 0 0 0 0 0 4 0 0 0 0 4 -5 0 -1 0 0 0 0 0 0 0 0 0 -3 0 0 0 0 0 0 0 0 0 3 -5 0 0 0 0 0 0 0 0 0 5 0 0 0 0 -3 0 0 0 0 0 0 0
8 5 0 5 0 0 0 0 -2 0 0 0 0 0 3 0 -4 0 0 0 0 -2 -5 0 0 0 0 0 0 0 0 0 0 0 0 0 -4 0 0 0 0 -5 0 0 -2 -1 0 0 0 0 0 0 0 -1 -2 0 0 0 -4 -4 3 0 0 0 -1 1 0 1 0 0 0 0 -4
6 -1 0 0 0 0 0 0 0 0 0 0 0 0 0 0 0 0 0 0 0 0 0 4 0 0 0 0 -2 -5 0 0 0 2 2 -5 0 -2 0 0 1 0 -5 -4 0 0 0 0 0 0 0 0 0 0 0 0 0 0 0 0 0 2 0 0 0 -5 0 5 0 4 0 0
10 0 0 0 0 0 0 0 0 0 0 0 0 0 0 0 0 3 0 0 0 0 0 1 0 0 0 0 0 0 0 0 0 -5 4 0 -1 0 2 0 0 -1 0 0 0 0 -1 2 0 0 0 0 0 0 3 -3 0 0 -1 0 0 0 0 0 4 0 0 0 0 0 0
-2 0 0 0 0 0 0 0 0 0 0 1 0 -1 0 -2 0 0 0 0 0 0 0 0 0 -1 0 0 0 1 5 -1 -1 0 0 0 0 0 0 0 0 0 0 0 0 0 -5 0 1 0 0 0 0 5 0 -4 0 0 0 1 0 0 0 0 0 0 0 0 0 0
-4 2 -3 0 0 5 0 0 2 0 0 0 0 0 0 3 0 0 -2 0 -2 0 0 0 0 0 0 0 0 3 4 0 -3 0 0 0 0 0 0 5 0 0 0 0 0 0 0 -5 0 -5 -1 0 0 4 0 0 0 0 0 0 0 4 0 0 0 0 0 0 1
-10 0 0 0 0 0 0 0 0 0 -4 0 3 0 0 0 0 0 3 0 0 0 0 -1 0 0 0 0 -4 -2 4 0 0 0 0 0 0 0 0 0 0 0 0 0 0 0 3 0 0 0 0 0 0 0 0 0 1 0 0 0 0 0 0 0 0 0 0 4
5 0 0 0 0 0 0 0 0 3 0 0 0 -5 0 -3 3 0 -1 0 0 0 0 0 0 0 0 0 1 0 0 0 0 0 -1 0 0 -5 1 0 0 0 0 0 0 0 0 0 0 0 3 0 0 0 5 0 -1 0 0 0 0 0 -3 0 -1 0 4
-3 0 0 0 3 0 0 0 0 0 0 0 -1 4 0 0 0 0 0 0 0 0 0 0 -4 0 0 0 0 2 0 -2 0 -3 0 0 5 -4 0 0 -4 0 0 4 0 0 0 0 3 0 3 0 0 0 0 0 1 0 3 0 0 0 0 0 0 0
-2 0 0 0 2 0 0 0 0 0 0 0 0 0 0 0 4 0 0 0 0 0 0 -1 -5 0 0 0 0 0 -5 0 2 0 0 0 0 0 2 0 2 0 0 0 5 -4 0 -2 0 0 1 0 0 1 -4 0 0 4 0 -3 0 0 0 0 -1
-4 0 3 0 0 0 0 5 2 0 -4 0 0 3 -1 0 3 0 2 4 0 0 0 0 0 0 0 0 -3 0 0 0 0 0 0 5 0 0 0 0 0 0 1 0 0 0 0 -5 0 1 0 5 0 0 0 0 0 0 0 0 0 -4 0 0
-7 0 0 0 -5 0 0 0 0 0 -2 -5 0 0 0 0 0 0 0 0 0 -2 0 -4 0 0 0 1 0 0 0 0 0 2 0 0 0 3 0 0 0 0 0 0 0 0 1 0 0 0 0 0 5 0 0 5 0 0 0 0 0 0 0
8 0 0 0 -1 0 0 0 0 0 5 0 -2 -5 0 0 0 2 0 0 0 0 -1 0 0 0 0 0 0 0 0 0 0 0 0 0 0 0 2 0 4 0 0 5 0 0 0 0 0 0 -1 -3 0 0 0 0 0 0 4 0 0 0
-7 0 0 0 0 0 0 5 0 0 -2 2 0 0 0 0 0 0 -5 0 0 0 0 2 0 -2 0 0 0 0 0 0 0 0 0 0 0 0 0 0 0 0 -3 2 0 1 0 0 0 0 -2 0 0 -5 0 0 0 0 5 1 1
4 0 0 0 3 0 0 0 -3 0 -3 0 0 5 1 0 0 0 0 1 0 0 0 0 0 0 0 0 0 0 -1 0 0 0 0 0 0 0 5 0 0 0 0 -4 0 0 0 0 0 0 0 0 0 -2 -1 2 -1 0 0 -4
-6 1 3 4 0 0 0 0 0 0 0 3 0 0 0 0 0 0 0 0 5 0 0 0 4 3 0 0 2 0 -3 0 3 -3 0 0 0 -3 0 0 0 0 0 0 0 0 0 0 0 1 -1 0 0 -1 0 0 0 0 0
-10 0 0 0 0 0 0 0 0 4 0 1 1 0 0 0 0 -5 0 -1 0 0 5 0 0 0 0 0 0 0 3 0 0 0 -4 0 1 0 0 0 0 -3 0 2 0 0 0 0 -1 0 0 0 0 0 -2 0 0 5
7 0 0 0 0 4 5 0 0 0 1 0 0 0 0 0 -1 0 0 0 0 0 0 0 0 0 0 -3 0 0 0 0 0 0 0 0 0 0 -2 0 0 3 0 -3 0 0 0 0 0 0 0 0 0 0 0 0 -1
-10 0 0 0 0 -3 0 0 0 5 0 0 0 0 0 -2 0 0 0 0 0 0 1 0 0 0 0 0 0 0 0 0 0 0 -2 2 1 0 0 0 0 0 0 -2 0 -4 0 0 0 0 0 0 0 0 0 0
-9 0 0 0 0 0 0 0 -3 0 0 0 0 0 0 0 0 -5 0 -3 0 0 0 4 0 0 0 -2 0 0 0 0 0 -3 0 0 0 0 0 0 -1 5 0 0 1 0 0 0 0 0 0 0 0 0 0
-1 -1 0 0 -1 5 0 0 0 0 0 0 0 0 0 0 0 3 3 0 -3 0 0 0 0 0 -4 0 0 0 0 0 0 0 0 0 0 0 0 0 0 1 2 0 -3 0 0 -2 0 0 0 0 0 0
-2 0 0 0 0 0 0 2 0 0 0 0 -1 0 0 1 0 3 0 0 0 0 0 0 0 0 0 -4 0 -2 0 1 0 1 0 0 0 4 0 0 0 0 -5 1 0 0 0 0 0 3 0 0 0
-9 0 0 0 0 0 0 0 0 0 0 0 0 0 0 0 0 -4 0 -5 0 0 3 0 2 0 0 0 0 0 -4 0 0 0 0 0 -4 0 -3 0 0 0 0 4 0 0 0 1 0 0 0 0
9 0 -1 3 0 0 0 0 0 0 0 0 0 0 0 0 -5 0 1 0 5 -2 0 0 0 0 -3 0 0 0 0 0 0 0 0 0 -1 0 -1 -2 5 -4 0 0 0 0 0 0 0 0 0
-1 0 0 0 0 0 0 0 0 0 0 1 0 0 0 0 -4 0 0 -2 0 0 0 1 0 -3 0 0 0 5 0 0 -4 0 0 -2 0 0 0 0 0 0 0 -2 3 0 0 -5 -2 0
8 0 0 0 0 0 -1 0 1 0 0 0 0 0 0 0 0 0 0 0 0 0 -3 0 0 4 5 0 0 4 0 0 0 0 0 0 -1 0 0 0 0 -2 0 0 0 0 3 0 0
-9 0 0 0 0 0 0 0 0 0 0 0 0 0 0 -5 0 1 0 -1 0 0 0 0 0 0 0 5 0 5 0 0 0 0 0 0 0 2 3 0 0 0 0 0 0 0 0 0
-7 0 0 -4 0 0 0 0 0 0 0 0 5 0 -3 0 0 4 0 0 0 -3 0 1 0 -1 0 0 -4 0 0 0 0 0 0 0 0 0 0 0 0 0 0 0 -4 0 0
4 0 0 0 0 -1 0 0 0 0 5 0 0 0 0 -3 0 0 0 -4 0 0 -3 -5 0 0 -3 0 0 1 -4 5 2 0 0 0 0 0 1 -1 0 0 0 0 1 0
1 0 0 0 1 0 0 0 0 0 0 0 5 0 0 0 0 0 0 0 0 0 0 0 0 3 0 -2 0 0 -4 0 2 0 0 1 0 0 3 0 0 0 0 0 0
-5 0 0 0 0 0 0 0 1 0 0 0 -2 -3 0 0 0 0 0 0 0 0 0 0 0 0 0 0 0 0 0 0 0 0 3 0 0 0 0 -1 3 -4 -3 -2
7 0 0 0 0 -1 0 0 0 3 0 0 0 0 2 5 0 0 0 0 0 0 0 0 5 0 0 0 0 0 0 0 0 0 -3 0 -5 0 0 0 0 0 0
9 0 0 0 0 0 -5 0 0 0 4 0 0 0 0 0 0 0 0 0 0 0 0 0 0 0 0 0 0 3 0 0 5 0 0 0 0 0 0 0 0 0
6 0 0 0 0 0 -3 0 0 0 -3 0 0 0 0 0 0 0 0 0 -2 1 0 -4 0 0 0 0 1 5 0 0 -2 0 0 -2 0 0 1 0 0
-8 0 0 0 0 0 0 0 0 -1 0 1 0 0 0 0 -4 0 0 0 4 1 0 0 0 0 0 1 0 0 3 0 3 0 0 -1 4 -4 0 0
5 0 0 0 0 0 0 0 -1 0 0 0 0 0 2 0 0 0 1 0 0 -3 0 0 0 -5 0 0 0 1 3 0 0 0 0 1 0 0 0
-5 0 0 0 0 0 0 -4 0 0 0 0 0 0 0 0 0 0 0 0 1 0 0 0 1 0 0 0 0 0 0 0 0 0 0 0 0 2
5 0 0 0 0 0 0 -2 0 0 5 0 0 0 0 0 0 0 -1 0 0 0 0 0 0 0 0 0 0 -5 0 0 0 0 0 0 3
4 0 0 0 4 0 0 0 0 0 0 0 0 0 0 3 0 0 0 0 -5 0 0 0 0 -1 0 -4 0 0 0 -2 -2 0 -1 1
1 0 0 3 0 -4 0 0 0 0 0 -2 0 0 0 0 0 0 0 0 -5 0 5 0 0 0 0 0 0 0 0 0 0 0 0
1 0 0 0 0 0 0 -1 -4 1 0 0 0 0 0 0 0 0 0 0 -4 0 0 0 0 0 0 0 0 -4 5 0 0 3
-4 0 0 0 0 -1 0 0 0 0 0 0 0 3 0 0 0 0 -4 -4 0 0 0 0 0 0 0 -4 0 0 0 1 -5
1 1 5 -1 0 0 0 0 0 0 0 0 0 0 0 0 -4 -1 0 0 0 0 4 0 0 0 0 0 0 0 -3 0
-5 0 0 0 0 0 0 0 0 0 0 0 0 0 5 0 0 0 0 0 0 0 0 0 0 0 0 0 0 0 4
-7 0 0 -5 0 0 -5 0 0 0 -1 0 0 3 0 0 0 0 0 0 0 0 0 0 0 0 0 0 0 0
5 0 0 0 0 0 0 0 0 0 0 0 0 0 0 0 0 0 0 0 0 3 0 -2 1 0 0 -3 0
-2 5 0 0 0 0 2 -1 0 1 0 4 0 0 0 0 0 0 0 0 0 -1 0 0 0 0 0 -5
4 0 0 0 1 0 0 -1 1 0 0 -4 0 0 0 0 0 0 0 4 0 1 0 -1 0 0 0
-1 0 0 0 0 0 0 -2 0 0 -4 0 0 0 -2 0 0 0 0 0 0 0 0 0 0 0
7 0 0 0 2 5 0 0 0 0 -3 0 0 0 2 0 0 0 0 0 0 0 0 0 4
-5 0 4 0 0 0 0 0 0 0 -3 0 0 0 0 0 3 3 0 0 0 0 -2 0
-1 0 0 0 0 0 0 2 0 0 -1 -1 0 0 3 0 0 0 0 -2 0 0 0
-10 -3 0 0 0 0 0 0 0 0 0 0 0 0 0 0 0 0 0 0 0 0
-6 0 -1 0 0 0 0 0 0 0 -3 0 0 0 0 0 0 0 0 0 0
1 0 -4 0 3 0 0 0 0 0 0 0 0 3 5 4 0 0 0 0
8 0 0 0 0 0 -3 3 0 0 0 1 0 0 0 0 0 -3 0
10 0 0 0 -5 0 0 0 0 0 0 -3 0 0 0 -3 0 0
10 0 0 1 0 0 0 0 0 4 0 0 0 0 0 0 -1
-2 0 -3 -3 0 2 0 0 0 0 0 0 0 0 2 0
-6 0 0 0 0 0 0 -4 0 0 0 0 0 0 0
-3 0 3 0 0 0 0 0 5 1 0 0 0 0
4 -1 0 0 0 1 0 0 0 0 0 0 -1
2 0 5 5 0 -5 0 0 0 0 0 0
-8 0 0 0 0 4 5 0 0 0 0
-7 0 0 0 0 0 0 0 0 0
-3 0 0 0 0 0 0 0 0
-7 0 0 0 0 0 0 0
9 0 0 -4 0 0 0
6 0 0 0 0 0
-3 0 0 0 0
2 0 0 0
9 0 -2
9 3
1
