200
17 16 14 12 23 20 22 18 17 16 16 13 18 20 13 24 8 13 6 13 16 12 17 15 21 10 10 22 12 10 16 17 15 10 20 15 4 21 9 20 17 10 12 13 14 17 17 16 10 10 10 22 14 11 14 14 21 19 14 16 16 16 17 12 12 9 13 9 12 15 19 19 15 15 9 20 14 14 13 12 16 18 14 8 11 16 13 18 10 13 16 22 20 16 11 16 15 13 13 20 13 20 10 27 22 16 11 16 9 13 17 15 18 18 10 15 10 13 19 9 15 11 16 15 12 11 12 12 11 18 13 13 19 14 18 23 16 10 17 16 20 13 14 12 11 16 14 22 17 17 8 28 12 13 8 13 13 19 15 17 13 12 12 17 20 9 15 16 13 17 15 12 10 15 15 12 11 13 16 11 13 10 15 13 16 13 10 12 8 16 17 17 9 12 16 15 14 17 16 12
1 11 21 25 30 40 47 120 121 124 131 142 147 157 158 161 195
9 27 31 44 45 57 64 76 85 86 90 94 147 152 191 195
6 22 23 24 32 47 50 67 89 108 115 134 163 182
17 31 32 47 61 67 86 90 109 135 158 170
19 27 31 36 64 66 67 68 70 75 86 90 91 115 116 125 144 146 164 169 170 172 175
17 37 40 51 53 70 78 87 100 125 135 146 153 156 159 175 180 182 185 196
2 3 13 18 21 41 46 73 74 77 99 100 104 120 136 143 152 172 173 183 189 199
8 19 20 37 64 67 71 88 97 103 115 121 151 156 159 165 185 196
3 20 30 48 75 77 87 99 122 146 152 159 160 161 163 177 184
1 23 39 61 66 71 92 116 117 121 122 129 149 151 163 182
12 46 50 52 55 78 115 116 119 127 133 139 140 143 182 191
1 46 59 61 72 76 89 93 122 146 155 178 194
6 23 24 43 48 51 69 75 80 101 113 122 124 137 145 146 181 193
3 4 21 24 53 54 58 64 69 83 99 118 125 133 136 153 158 170 184 189
12 13 22 59 67 70 95 97 125 129 137 163 168
9 29 41 60 81 91 94 95 97 103 107 128 129 130 136 138 143 147 162 164 179 181 196 199
1 2 7 28 61 118 145 184
14 30 33 51 53 63 87 95 105 166 171 191 193
9 83 87 133 176 195
8 15 20 84 87 90 104 115 151 161 177 185 188
7 8 23 26 30 47 69 91 103 116 122 158 165 169 170 185
21 50 55 65 71 80 85 98 112 173 195 199
12 28 54 55 58 83 91 96 100 102 117 131 145 168 192 195 198
3 15 23 35 37 50 59 97 110 128 138 158 170 173 196
17 27 44 48 57 65 80 85 86 87 96 97 105 106 109 127 167 172 174 190 191
3 64 65 102 111 144 157 180 181 183
31 86 112 132 149 150 171 174 184 200
13 22 54 58 68 78 86 94 95 99 104 112 113 130 150 151 159 163 175 179 184 197
17 39 47 65 80 81 106 173 176 194 195 198
2 4 19 64 103 136 139 145 160 185
12 36 49 60 65 86 96 98 102 138 141 170 188 192 193 196
13 22 30 37 51 55 70 93 106 108 121 132 167 174 187 199 200
6 36 37 58 62 77 81 105 146 150 154 156 167 193 194
12 23 28 58 66 74 123 132 144 152
11 52 57 66 69 77 87 89 107 116 118 119 122 133 134 142 156 161 179 196
2 8 21 59 63 83 89 149 156 162 166 169 177 190 197
13 21 153 191
9 12 14 26 30 32 54 56 61 72 78 79 86 90 98 104 114 116 161 173 192
10 11 19 22 43 54 58 149 152
1 3 8 9 10 58 62 63 68 90 92 96 97 99 113 119 134 142 181 193
8 29 40 45 71 80 91 106 121 122 138 144 163 173 185 190 193
19 43 47 108 127 161 177 178 185 186
53 64 65 97 102 105 122 134 145 149 170 198
6 18 25 48 58 62 70 75 78 93 94 148 180
9 11 34 35 36 53 57 71 93 111 140 149 170 179
10 48 50 53 56 84 89 101 117 127 137 138 149 153 173 183 199
19 31 39 41 45 71 88 92 99 100 128 135 153 162 166 189 190
12 16 21 34 36 53 57 77 78 81 92 139 172 183 188 194
22 35 50 95 109 110 119 148 168 182
47 83 85 122 163 167 171 172 183 189
5 6 93 147 148 159 163 165 183 192
13 14 21 52 56 60 73 75 86 103 108 114 128 135 136 144 150 154 157 176 181 198
2 15 16 26 30 49 52 66 79 105 126 130 177 200
3 61 81 83 86 116 148 152 159 177 198
15 26 44 49 63 84 103 125 131 150 166 176 183 193
11 21 52 54 78 87 89 95 115 155 174 176 184 194
1 29 33 44 77 78 83 89 98 100 102 103 113 129 134 150 151 164 179 180 195
28 65 66 77 81 88 102 106 114 116 118 128 134 140 159 182 185 186 199
3 9 28 40 44 55 62 69 81 126 142 154 160 191
5 12 35 37 54 60 65 73 108 109 111 143 149 156 170 177
30 45 54 56 77 85 87 91 95 102 129 144 153 163 181 186
11 40 47 56 63 64 77 79 101 127 151 164 165 167 174 188
30 36 39 69 76 111 116 125 145 148 153 155 163 165 174 188 197
36 38 39 49 95 103 110 128 143 171 193 195
7 10 36 42 46 58 67 94 113 160 170 199
22 26 80 88 112 131 148 180 190
6 12 19 41 51 57 58 90 112 177 178 192 199
98 115 116 131 134 138 150 169 195
5 35 54 59 64 75 111 117 125 137 138 148
6 21 38 54 55 72 103 106 112 114 117 134 136 151 155
12 19 28 47 52 62 66 72 90 101 105 120 132 147 151 164 165 166 187
15 17 22 45 53 57 77 84 86 88 89 101 117 153 157 165 167 198 199
26 31 55 60 74 77 91 92 118 121 124 130 134 145 153
10 19 23 40 44 60 78 79 92 111 112 123 124 146 188
78 111 116 130 131 138 157 177 188
23 24 28 60 70 89 98 112 141 146 147 153 155 158 160 171 177 186 187 188
3 6 39 54 73 81 117 121 132 135 148 151 176 194
11 31 41 42 57 67 80 84 89 125 164 184 188 194
5 12 14 18 23 66 72 91 118 156 181 182 188
22 24 32 59 72 82 130 133 152 179 193 197
12 32 53 59 72 98 100 124 135 143 154 156 167 179 191 193
1 10 21 36 53 56 63 76 100 101 103 109 129 158 162 172 181 182
28 42 43 54 57 59 86 93 94 118 169 172 188 189
4 28 59 73 100 142 169 194
13 22 25 34 78 103 104 110 164 168 192
12 29 34 48 51 66 90 95 111 115 117 149 153 155 159 190
37 59 64 73 91 114 116 118 121 129 144 176 183
5 11 27 32 49 68 70 77 85 110 122 134 136 150 161 162 163 200
4 8 13 40 70 71 92 102 106 169
4 25 35 37 82 83 106 126 143 144 160 161 190
9 31 53 66 72 78 88 106 130 133 153 158 160 168 195 200
2 5 7 12 16 18 34 46 52 72 81 84 96 98 99 126 135 137 141 147 153 156
11 33 34 45 57 62 75 76 85 92 100 123 144 162 163 179 180 183 197 198
10 19 40 77 114 116 120 144 155 164 165 185 187 191 193 194
1 8 16 25 61 101 118 132 173 194 200
12 28 35 42 45 48 76 95 106 113 141 150 151 153 157 178
3 16 45 49 57 77 102 115 120 133 154 161 176 185 198
5 27 28 51 66 71 93 104 162 165 174 177 195
2 7 12 15 91 95 108 122 130 135 158 179 187
4 6 7 18 20 32 56 58 81 84 100 113 123 132 148 158 169 170 176 190
4 10 20 34 50 62 99 103 157 161 176 179 194
1 27 30 31 37 61 73 75 83 94 99 123 140 162 167 170 175 176 192 193
2 4 7 88 89 130 153 174 180 185
1 7 8 9 16 19 24 30 36 45 47 51 52 63 71 74 76 80 84 92 108 123 127 131 132 141 199
19 21 30 31 45 59 73 76 83 91 96 97 104 117 118 167 169 171 172 174 193 196
10 39 61 63 65 108 109 152 155 159 165 166 169 173 181 196
29 41 43 61 64 76 108 110 111 136 168
11 12 28 56 78 79 88 108 111 131 135 152 169 178 179 196
29 33 40 64 101 138 152 165 176
1 28 43 53 60 93 104 126 128 163 167 168 182
5 26 37 51 61 83 91 100 111 114 120 133 134 137 168 177 196
5 7 11 17 41 43 50 75 77 99 146 174 178 183 194
21 35 50 57 74 89 90 96 97 107 110 121 124 125 158 166 179 194
7 20 30 45 62 65 68 70 85 94 98 121 133 152 165 169 171 178
8 14 18 20 39 63 87 138 142 174
32 38 42 65 79 81 109 117 145 160 170 175 188 196 197
7 65 102 141 150 154 155 162 183 188
1 14 27 66 72 109 116 131 134 156 176 189 192
28 34 43 54 61 77 80 102 109 116 133 156 160 163 175 179 185 195 199
10 97 117 147 148 155 159 167 176
6 16 46 49 77 102 110 140 164 169 173 177 191 192 199
14 43 44 45 54 84 104 143 189 198 200
13 33 45 49 72 81 89 92 124 131 145 146 147 167 168 176
15 28 35 45 46 60 66 68 76 101 127 141 150 163 193
4 5 41 47 111 127 132 136 139 186 189 195
16 28 37 108 139 147 170 178 185 192 199
63 70 72 78 84 96 115 128 147 154 164 194
3 6 19 33 42 43 115 135 144 145 147 174
5 42 53 67 74 81 89 138 147 184 199
1 2 43 49 55 67 75 105 112 120 122 127 135 140 144 165 179 198
21 24 37 47 62 78 87 93 112 125 150 188 193
14 19 24 25 32 64 74 77 79 136 141 177 187
6 24 25 47 48 50 71 80 89 107 119 120 133 159 166 174 195 196 199
36 37 47 57 64 65 78 87 91 94 134 171 172 196
23 26 35 44 46 57 83 84 89 101 103 122 131 144 156 163 185 186
2 5 7 23 36 41 47 49 78 108 110 111 119 131 132 148 162 174 179 181 187 196 197
1 25 56 62 71 77 79 84 94 104 140 150 154 183 193 198
16 29 79 85 111 120 140 153 188 189
3 4 22 37 39 52 99 107 111 114 125 127 145 149 156 179 196
5 12 29 30 33 36 55 81 92 105 128 143 169 179 182 190
9 11 23 24 33 42 44 60 64 67 75 79 88 111 120 130 139 172 187 199
1 6 12 29 32 64 92 109 131 136 176 178 182
7 11 22 33 42 43 56 80 93 101 123 127 152 159
20 44 74 83 93 96 97 100 115 125 141 170
16 96 99 115 134 152 155 163 181 187 193
4 17 47 54 74 105 115 125 146 149 154 167 185 189 193 200
10 17 22 59 65 66 80 104 136 145 149 154 196 199
2 5 16 25 67 69 86 91 111 115 119 121 134 149 155 157 159 173 187 192 196 197
14 56 61 74 80 87 91 96 97 101 110 119 125 160 171 175 191
3 38 43 67 70 83 100 119 124 129 161 164 169 175 190 192 198
72 92 116 137 140 155 158 171
2 3 4 6 20 21 30 36 37 39 49 51 58 62 66 67 70 77 96 97 99 102 106 132 137 149 164 169
14 25 36 101 115 141 163 170 172 176 182 197
8 24 53 60 77 81 96 139 141 151 179 188 199
7 30 50 75 78 114 171 177
30 35 51 52 53 65 66 69 92 123 139 164 168
10 28 47 51 63 66 85 118 125 141 165 167 183
1 28 34 38 46 60 62 72 79 83 107 113 114 147 170 176 179 180 192
10 32 48 54 56 57 66 69 87 138 153 190 193 198 200
20 36 74 102 104 105 116 123 130 134 139 147 161 171 179 184 190
3 17 18 20 31 55 71 114 121 147 162 190 197
30 38 80 89 90 99 107 144 156 169 172 192
20 27 36 41 43 54 57 62 79 114 123 188
1 22 64 68 85 93 104 113 116 120 156 161 171 182 184 187 198
2 30 33 34 41 48 55 65 67 72 85 87 91 122 149 162 164 180 192 195
49 66 89 98 117 144 145 158 197
3 14 28 38 40 48 95 102 144 152 153 157 182 197 200
10 28 30 53 55 78 83 85 95 97 156 159 175 178 187 193
6 18 28 41 50 55 56 62 87 133 134 151 185
5 13 15 18 68 69 77 104 119 122 139 163 166 169 171 178 185
38 47 59 78 81 103 106 111 119 164 169 187 189 190 192
85 101 122 123 131 137 142 146 156 162 167 172
34 44 58 66 73 80 119 173 186 188
2 5 28 38 56 61 87 104 119 129 140 147 166 175 187
20 22 25 42 49 50 63 89 94 114 137 145 158 159 193
28 52 105 114 122 123 137 146 165 184 190 195
3 27 39 40 45 67 95 114 151 183 194
2 63 67 89 102 118 122 125 139 161 166 167 187
9 16 19 74 78 86 92 105 117 126 144 158 175 182 184 185
2 10 15 50 62 66 78 130 147 186 194
1 10 12 14 38 42 46 94 112 138 163 181 186
7 37 47 70 104 109 123 130 161 163
4 10 12 24 37 43 78 88 97 104 121 124 135 171 182
10 15 52 58 95 99 132 148 150 184 192 193 198
6 14 28 32 41 43 78 89 91 92 112 130 134 151 178 191
24 51 76 87 96 124 135 164 167 170 173 186 190
1 77 96 97 105 124 125 133 159 161
17 20 50 58 74 75 106 115 126 135 167 178
19 55 112 133 140 144 181 195
31 38 42 48 60 64 80 94 96 116 132 150 154 166 168 187
3 8 9 10 14 15 20 37 48 62 73 76 84 92 97 134 193
23 29 42 58 83 104 128 129 132 142 144 150 153 170 179 181 188
5 6 8 22 65 70 89 128 194
50 52 55 56 67 124 134 153 165 168 175 199
8 12 18 34 39 43 48 62 71 78 105 135 146 154 168 186
9 13 15 22 23 53 101 118 120 141 143 144 172 178 179
1 7 12 13 55 75 79 128 142 144 155 161 163 186
16 41 47 49 55 60 77 95 104 107 114 140 159 161 185 189 192
2 8 36 44 49 67 70 77 83 90 128 142 143 144 169 172
7 41 48 62 64 66 103 108 109 126 137 184
9 0 0 0 0 0 -3 1 0 0 0 0 0 3 0 0 1 -5 -2 0 0 0 0 0 0 -3 0 3 0 5 0 0 -2 0 0 0 0 0 0 0 0 0 0 0 0 0 0 0 1 0 0 0 0 0 0 0 0 0 0 0 0 0 0 -1 0 0 0 0 0 -1 0 0 -4 4 3 0 2 0 0 -3 -2 0 0 0 -4 0 0 0 0 0 0 0 0 0 0 -1 5 0 -1 0 0 0 0 0 0 0 -1 0 0 0 0 -1 0 0 0 0 0 0 3 0 0 0 0 1 0 0 -1 0 0 0 0 -2 3 0 0 0 0 0 0 0 0 -2 0 0 0 0 2 0 0 3 2 0 0 0 0 -2 0 0 0 0 1 4 0 0 0 -5 0 0 0 0 0 0 0 0 0 0 0 0 0 0 0 0 0 0 0 0 0 0 0 2 0 0 0 0 0 0 0 -2 0 0
-6 -2 0 0 0 3 0 0 0 0 0 0 0 0 0 0 0 0 0 0 0 -1 0 0 -3 0 0 0 -4 0 0 0 2 0 0 0 0 0 0 3 1 0 0 0 0 0 0 -1 0 0 0 0 0 2 0 0 0 0 0 0 0 0 0 0 0 0 0 0 -5 0 0 4 5 -3 0 0 -2 0 0 0 -1 0 0 -2 0 0 0 0 0 -1 0 0 0 0 0 0 0 0 2 0 5 0 0 0 0 0 0 0 0 0 -3 3 0 0 0 0 -2 -3 0 0 0 -4 0 0 0 0 0 0 0 0 1 2 0 0 0 0 3 0 0 0 0 0 0 0 0 0 0 0 0 0 1 0 0 0 0 0 0 -2 0 0 0 0 0 -4 5 0 0 0 0 0 0 0 0 0 0 0 -5 2 1 4 0 0 0 0 1 0 0 4 -4 0 -4 0 0 -1 0 0 0 0 0
-10 0 0 -1 0 0 0 0 0 -1 0 0 5 0 0 -1 0 0 0 5 0 0 0 0 -4 0 0 -5 0 0 0 2 0 0 0 0 0 0 0 0 0 -2 0 2 0 0 -4 0 0 0 0 0 0 0 0 0 0 0 -3 0 0 0 0 0 0 0 1 0 0 -1 0 0 0 0 0 3 0 4 0 0 0 0 1 0 0 0 0 -2 3 -4 0 0 -3 0 4 5 5 0 0 0 0 0 0 0 0 0 0 5 0 0 0 0 0 0 -5 0 0 0 0 0 0 0 0 0 0 -1 0 0 0 0 0 0 3 0 -1 0 0 -5 0 -5 0 1 0 0 0 0 0 -2 0 -3 0 0 0 0 0 0 0 0 -4 0 0 0 0 -2 0 0 0 0 3 0 -2 0 0 0 0 0 0 0 0 5 0 0 0 0 -3 -3 0 0 0 0 0 0 -1 4 0 0 0 5
8 0 5 -4 0 0 0 0 5 0 0 0 0 0 2 0 0 -5 0 4 0 0 0 0 0 0 0 -4 0 0 1 -1 0 0 0 0 0 4 0 0 -1 0 0 4 0 0 0 0 0 0 0 0 -3 0 2 -1 0 0 -5 1 1 0 0 0 0 0 0 0 0 0 0 0 -2 0 0 0 0 0 0 0 1 0 0 0 0 0 0 -1 0 -4 0 -5 0 0 0 0 0 0 0 0 0 0 0 0 3 0 0 -4 0 -1 0 0 0 0 -4 4 -3 0 -5 0 0 0 0 0 0 0 -5 2 0 -1 0 0 0 0 0 -3 0 0 5 0 4 0 1 0 0 -4 0 0 0 -2 0 0 -1 0 0 4 -2 0 0 0 0 -4 0 -2 0 0 0 0 0 0 2 0 0 -1 0 0 0 0 0 0 0 0 0 0 0 -4 2 0 2 0 -1 0 0 0 0 0 0
-8 -2 0 0 0 0 0 0 0 0 0 0 0 0 0 0 0 0 0 0 0 0 0 0 4 4 0 0 0 0 0 0 0 0 0 -2 0 -5 0 0 3 0 5 0 0 0 0 0 0 -3 -1 3 0 0 0 0 0 0 2 3 0 0 0 0 0 0 -1 0 0 0 0 0 5 0 0 0 3 0 0 0 0 0 3 0 0 0 0 0 2 0 0 -5 0 0 2 1 4 0 -5 0 0 0 0 0 0 0 3 0 0 0 0 0 -4 0 0 0 1 -3 0 0 0 0 0 0 2 -2 0 5 0 0 0 0 0 0 0 3 0 0 0 0 0 0 0 0 0 0 0 0 0 -2 -3 -4 0 0 0 0 0 0 0 0 0 0 0 0 0 4 0 -2 0 0 0 0 -1 0 0 0 0 0 0 0 0 0 0 0 0 0 -5 0 0 0 1 0 0 0 0 -3
-6 0 0 0 0 0 0 0 0 0 0 -3 -4 0 0 0 1 0 -5 0 -2 0 0 0 0 0 0 0 -5 0 0 3 0 2 0 0 0 0 0 3 0 -2 0 1 0 0 0 0 0 -3 0 0 0 0 4 -3 0 0 0 0 0 0 0 0 0 1 0 0 0 0 0 0 -4 0 1 0 0 0 0 0 0 0 0 0 0 0 0 0 0 2 0 0 0 0 0 0 5 0 0 0 0 -3 0 0 0 -2 0 0 0 -4 0 0 0 0 0 0 0 0 0 -2 0 0 1 0 0 0 3 -3 0 0 0 0 0 0 0 0 0 0 1 0 0 0 0 0 0 0 0 0 0 -1 0 5 0 1 -1 -4 0 4 -2 0 0 0 0 0 0 0 -4 0 0 0 0 0 5 0 0 0 0 4 0 0 0 0 0 0 0 0 4 0 0 0 0 0 0 0 0
-4 0 0 0 0 2 0 0 0 0 0 0 0 0 -5 0 0 -5 0 0 1 4 0 1 0 -4 0 0 0 0 3 0 0 0 4 0 0 0 0 4 0 0 2 0 0 0 0 0 1 0 0 0 0 2 -1 0 0 0 1 0 0 0 0 0 0 0 0 0 0 0 0 3 0 0 -1 0 0 0 0 0 0 0 0 0 0 0 0 -2 0 0 0 0 0 0 0 0 5 1 0 0 0 0 0 -4 0 1 0 0 0 0 0 -2 0 4 0 0 1 0 0 0 0 0 0 0 0 0 0 0 0 0 0 0 0 0 0 3 0 0 0 2 0 -5 0 0 0 0 0 0 -3 5 0 1 0 0 0 0 0 0 0 0 0 -3 0 0 0 0 0 0 1 0 0 0 0 -3 1 0 0 0 0 0 0 0 -4 -1 0 3 0 1 0 -1 0 0 0 0
-7 0 0 0 -5 4 0 0 0 0 0 0 0 0 0 0 3 4 0 5 0 0 -4 5 0 -3 0 0 1 0 -5 0 -2 0 0 1 4 0 1 1 0 0 0 0 0 0 0 0 0 0 0 2 -2 0 -3 0 0 0 0 0 0 0 0 0 0 0 0 0 1 0 0 0 0 0 0 5 -4 0 0 0 -5 0 0 0 4 0 -4 0 -3 0 1 0 5 0 0 0 0 0 2 0 0 0 0 0 0 0 0 0 0 0 0 0 0 0 -3 0 -2 0 0 0 0 0 0 0 -2 0 0 0 0 1 0 -1 0 0 0 -1 0 0 0 2 0 0 1 0 0 0 0 0 0 2 0 0 0 -1 2 0 2 0 0 0 0 0 0 0 2 0 0 0 0 0 0 0 -5 0 -1 3 0 0 0 0 5 0 2 0 0 0 0 0 0 0 0 0 0
-8 -1 0 0 0 0 0 -5 0 0 0 0 0 0 0 0 0 0 0 -1 0 -5 0 0 0 3 0 0 0 0 0 0 0 0 -4 0 0 0 0 0 0 0 1 -3 0 0 0 0 0 0 0 3 0 0 0 0 0 0 0 5 0 0 -4 -2 -5 0 0 0 0 2 0 0 -3 1 0 0 0 -2 0 0 0 5 0 0 0 0 0 0 0 0 0 0 0 0 0 0 0 0 2 1 0 0 0 0 0 0 0 -2 0 0 0 0 0 0 0 0 0 0 -3 -5 0 0 0 0 0 0 0 0 0 2 0 -1 -3 0 0 0 0 -1 0 0 0 0 -4 0 0 0 0 0 0 5 0 0 0 0 0 0 0 0 0 0 -1 0 0 -2 0 0 0 0 0 0 0 0 3 0 1 0 0 0 0 4 0 1 -3 0 0 -3 0 0 0 0 0 4
-10 0 0 0 0 2 0 0 0 -4 0 1 0 0 0 0 0 -2 0 2 0 0 0 0 3 0 0 0 0 0 2 2 0 0 2 0 0 0 0 0 0 -1 0 0 -4 -1 0 0 0 -1 0 0 -5 0 0 0 0 5 0 0 0 0 0 0 0 0 -2 0 1 0 -2 -3 0 5 0 0 3 -1 0 0 1 3 0 0 0 0 -2 0 -4 0 0 0 -3 0 0 0 0 0 0 0 0 0 0 0 -1 0 0 0 0 0 0 0 0 0 0 0 0 1 0 0 0 0 2 -1 0 0 0 0 0 0 3 0 0 0 0 0 0 0 0 0 0 0 0 0 0 3 0 0 0 0 0 0 0 0 2 4 0 0 0 0 -2 0 0 0 0 0 2 0 0 0 0 -3 2 0 0 0 0 0 -1 4 0 0 0 0 0 0 0 0 0 -2 0
-8 -4 0 5 -1 0 0 0 0 0 0 0 0 -3 0 0 2 0 0 -5 0 0 0 0 0 0 0 0 0 0 0 0 0 -1 0 3 0 0 0 0 0 0 0 0 3 3 0 0 -2 0 0 0 0 0 0 0 5 0 0 0 0 0 -2 0 0 0 0 0 0 0 0 0 0 0 -5 0 0 2 0 0 0 -1 0 3 0 0 0 0 3 0 0 0 0 0 0 0 0 0 4 0 0 0 0 0 0 0 0 0 0 0 0 0 0 0 0 1 0 -4 0 0 0 0 0 0 0 0 2 0 -3 0 0 0 0 0 0 0 0 0 0 4 -5 0 0 0 0 0 0 0 -1 0 0 0 0 0 0 0 0 0 0 0 0 0 0 0 0 0 0 0 0 0 0 -5 0 0 0 0 0 0 0 0 0 0 0 0 0 0 0 0 0 0
-9 0 1 0 0 0 0 0 0 -3 0 0 0 -3 -1 0 0 0 0 -5 0 0 -5 0 0 0 0 0 0 0 -1 0 1 0 0 0 4 0 0 0 4 0 0 0 -1 0 0 0 0 0 1 0 0 0 -3 -2 0 0 0 0 0 0 0 0 0 0 0 0 0 0 -1 0 0 -4 0 -2 0 0 0 0 0 -2 0 0 0 0 0 0 0 0 0 0 0 3 4 4 0 0 0 0 0 0 0 0 0 0 5 0 0 0 0 0 0 0 0 3 0 -2 0 -5 0 0 0 0 4 -1 0 0 0 -2 0 -1 1 1 0 0 0 0 0 0 -1 0 0 0 0 0 0 0 0 0 0 -4 0 0 0 4 0 -4 0 0 0 0 0 0 -1 0 0 3 0 0 0 0 0 0 -3 0 0 0 0 1 0 -5 -5 0 0 0 -3 0 0
-2 0 -5 0 0 0 0 0 0 0 4 0 0 0 0 0 0 1 0 0 0 0 0 0 5 0 0 0 0 0 0 0 0 -3 0 0 0 0 -1 0 0 5 0 0 0 0 0 0 0 0 -3 0 0 0 0 0 0 0 0 0 -1 0 0 0 0 -4 0 0 0 0 0 0 0 0 0 0 0 0 0 0 0 0 0 -5 0 0 0 0 0 0 0 0 0 -1 0 1 0 0 2 0 3 0 0 0 0 0 3 0 0 -5 0 0 5 0 4 0 0 0 2 0 0 0 0 0 0 0 0 0 -3 0 0 0 -5 0 0 0 0 -3 0 0 0 0 0 -4 0 0 -1 0 -4 0 0 5 0 0 0 4 0 -4 0 0 3 0 0 -2 0 0 0 0 0 0 1 0 0 0 -2 0 -5 0 0 -3 0 0 0 0 0 0 0 0
8 0 0 0 0 0 0 0 -1 -5 0 0 -4 0 0 0 0 0 0 0 0 0 0 0 -2 0 0 0 0 0 0 0 0 0 0 0 0 0 -1 0 -2 -2 3 0 0 0 0 0 0 0 -1 0 0 0 0 0 0 0 0 0 0 -1 0 0 0 0 3 0 1 0 0 -3 -4 0 0 0 0 0 0 0 0 0 0 0 0 0 0 0 0 0 0 -3 -2 0 0 0 0 0 0 0 0 0 2 3 0 2 0 0 0 -4 0 0 0 -5 0 0 5 0 0 0 0 0 0 0 0 0 0 1 0 0 0 0 0 0 0 -3 -1 0 1 0 0 3 0 0 3 0 0 0 0 0 0 1 -2 0 0 0 0 2 3 0 -3 0 0 0 0 0 0 0 0 0 0 0 0 0 0 0 0 4 0 -1 0 0 0 0 0 0 0
-10 0 0 0 0 -5 0 0 -3 2 0 0 0 0 0 -4 0 3 0 0 0 0 0 5 0 4 0 0 0 3 0 3 0 2 0 0 0 4 0 0 4 0 0 0 0 0 1 0 2 -4 0 0 0 0 0 -5 -3 0 0 5 0 0 0 0 3 -3 0 0 0 0 0 0 0 -4 0 0 -2 0 0 0 0 0 0 3 0 -5 0 4 0 0 0 4 0 0 0 0 0 0 0 0 0 0 0 4 0 0 -1 -1 0 0 0 0 0 0 0 0 0 0 0 0 2 0 0 0 0 0 0 0 0 3 0 0 0 0 0 0 -3 0 -4 4 2 0 0 0 2 0 5 0 -3 0 0 0 0 -5 1 -2 0 0 0 0 0 0 0 0 0 0 0 0 4 0 0 0 0 0 0 0 0 5 0 0 0 0 0 0 0 0
10 0 0 0 0 0 0 0 0 0 -5 4 0 0 0 0 0 2 0 0 0 0 0 0 0 0 0 0 0 0 0 0 0 0 -1 0 0 0 1 0 0 0 0 0 0 0 0 0 0 0 0 0 0 0 1 0 -2 -1 0 0 0 0 5 -5 0 0 0 0 0 0 0 0 0 5 -2 4 0 0 0 0 0 0 2 0 2 0 3 0 0 0 0 0 0 0 0 0 0 0 0 0 0 0 0 0 -2 0 0 0 -3 1 1 -3 0 -1 0 0 0 0 0 0 0 0 0 0 0 0 0 0 0 0 0 0 0 0 0 0 0 0 -4 0 0 0 0 0 0 0 0 0 3 0 0 0 0 4 0 0 0 0 0 0 0 -1 5 -5 0 5 0 0 0 0 -4 0 0 3 0 4 0 0 -2 0 -2 0 0 0 0
-9 0 0 0 0 0 0 0 0 0 1 3 2 4 -1 0 4 0 0 0 0 0 0 0 0 0 0 0 0 0 0 -2 0 0 -1 1 0 0 0 3 0 0 0 0 0 0 0 0 -2 0 0 1 0 0 4 -5 0 0 5 0 0 0 2 0 0 0 -2 -5 0 0 0 3 0 0 0 0 0 0 0 0 0 0 0 0 0 0 0 0 0 -2 0 0 0 0 0 0 0 -3 0 0 0 0 0 0 0 1 0 0 0 0 1 0 -1 -1 0 0 -1 0 0 0 0 0 0 0 0 0 0 1 0 0 0 0 0 2 0 0 0 -2 -5 0 0 0 0 0 -4 5 0 -2 0 0 0 0 0 0 0 0 0 0 0 0 3 0 0 -4 0 0 0 0 -3 0 0 3 0 0 3 0 0 0 0 0 0 0 -2 0
-8 0 0 0 0 1 0 0 0 1 0 1 0 0 2 0 0 0 5 0 0 0 0 0 0 0 0 0 0 0 0 0 0 0 0 0 0 0 0 2 0 0 0 0 0 0 -4 4 0 0 0 -2 0 0 0 0 -5 0 4 0 -3 0 0 0 0 0 0 0 0 -2 0 0 5 0 0 0 0 0 0 0 0 0 0 0 0 0 0 3 -3 0 0 0 0 0 0 0 0 0 0 -2 0 0 0 0 0 0 -5 -1 0 0 0 0 0 0 -1 -5 1 0 0 0 -1 0 2 1 -2 0 0 0 0 0 0 0 0 0 0 0 0 0 0 4 1 0 0 0 -4 0 0 0 0 0 0 0 0 0 0 0 0 0 0 0 0 0 -3 0 0 0 0 0 0 0 0 0 0 0 0 0 0 0 0 0 0 2 0
-6 0 0 0 0 0 3 0 0 0 0 0 0 0 0 0 0 0 0 0 0 0 0 0 0 0 3 0 -1 0 0 0 0 0 0 0 0 0 0 0 1 -2 0 0 0 0 0 0 0 0 0 0 1 0 0 0 0 0 0 0 0 0 2 0 -2 0 0 0 0 0 0 0 0 0 0 -5 0 0 0 0 0 0 0 0 0 0 0 -1 0 0 5 0 0 0 0 0 0 0 0 0 0 0 0 0 0 0 0 -3 0 0 0 0 0 0 0 0 0 0 0 0 0 0 0 0 0 0 0 0 -3 0 0 0 3 0 0 0 0 0 0 0 0 0 0 0 0 0 0 0 -2 0 0 0 1 0 0 0 0 0 0 -2 0 0 0 0 0 -4 -2 0 0 0 0 -3 0 -5 0 0 0 0 0 0 0 -4
-3 -1 0 0 0 5 0 0 0 0 0 2 0 0 0 0 0 0 -1 0 0 0 0 0 -4 0 0 0 0 0 0 0 -1 0 0 0 -2 0 0 0 0 0 0 -4 0 0 0 4 0 0 -3 0 0 0 0 0 0 0 0 3 0 0 0 0 4 0 2 0 0 0 0 -2 -3 0 0 0 0 0 0 0 -4 0 0 -4 0 0 -3 0 0 0 0 0 0 0 0 0 0 0 0 0 0 0 0 0 0 0 0 0 0 -2 0 0 0 0 0 0 0 1 1 0 0 0 0 0 0 0 0 2 -5 0 -2 0 0 0 0 0 0 -2 0 0 0 0 0 0 0 0 0 0 0 1 0 0 0 0 0 0 0 0 2 0 0 0 1 -4 0 0 0 0 -1 0 0 0 -4 0 0 0 -2 0 0 0 -4
-8 0 0 0 0 4 0 0 0 0 0 0 0 -4 0 0 0 0 0 0 0 -4 2 0 0 2 0 0 0 0 0 1 0 0 0 0 0 1 0 0 0 0 3 0 0 0 0 0 0 0 -4 0 0 0 0 0 0 0 4 0 0 0 0 0 -5 0 0 0 -3 0 0 1 0 0 0 0 0 1 0 0 0 3 0 0 0 0 0 0 0 -3 0 0 0 0 0 0 0 0 0 0 0 0 0 0 0 0 0 0 0 0 0 0 0 0 0 0 5 0 3 0 -1 0 1 0 0 0 -1 0 0 0 0 0 5 0 0 0 0 0 -1 0 0 1 0 0 0 0 0 0 0 0 -5 0 0 0 -2 0 -5 -2 -1 0 0 0 3 -1 0 0 0 -1 0 3 0 0 0 0 0 0 0 0 0 0
-8 0 0 0 0 0 0 0 1 0 0 0 4 0 0 0 0 0 0 0 -1 0 0 -3 0 0 -3 0 0 0 0 0 -5 0 0 0 0 0 1 5 0 0 0 0 0 0 0 1 5 0 0 0 0 -2 0 0 0 0 0 0 0 0 0 0 0 0 0 5 0 0 0 0 -3 0 0 0 5 0 0 0 0 0 0 0 0 0 0 0 0 0 0 0 0 -1 0 0 0 0 1 0 0 0 5 -2 0 0 0 0 0 2 0 0 1 5 0 0 0 0 0 0 0 1 0 0 0 -1 0 0 3 4 0 0 0 0 2 5 0 0 0 0 0 0 0 0 -4 0 0 0 0 0 0 0 0 0 0 0 0 0 3 0 0 0 0 0 0 0 0 0 0 0 -5 0 0 0 0 0 0 0 0
9 0 0 0 0 0 0 0 -2 0 0 -3 0 -4 0 0 0 -2 0 0 0 0 0 -1 5 0 0 0 0 2 0 4 -1 0 0 0 0 0 0 0 -1 0 0 0 0 0 0 0 0 0 0 0 0 0 0 0 0 0 0 0 -5 0 0 0 0 0 3 0 0 4 0 0 0 0 0 0 -1 0 0 -1 0 0 -4 0 0 0 0 0 0 0 0 0 0 0 0 0 0 0 0 0 0 4 0 0 0 0 0 0 0 0 2 1 0 0 0 0 0 0 0 0 -3 0 5 0 0 -3 0 0 0 0 0 0 -1 0 0 0 0 0 0 0 0 0 0 -5 0 0 1 -5 0 0 0 0 0 0 0 0 0 0 0 0 0 0 0 0 0 -3 0 0 0 0 0 0 0 0 5 -1 0 -5
8 0 0 0 1 0 0 0 0 0 -3 5 0 0 2 0 0 0 0 0 0 0 -1 -1 0 3 0 0 0 5 0 0 -1 -3 3 0 0 1 1 0 3 0 0 3 0 0 -4 0 0 -3 -4 0 0 4 0 0 0 0 0 0 0 0 0 0 0 5 2 0 0 0 0 0 0 0 0 0 0 -4 0 0 0 0 0 0 0 4 0 5 0 0 0 0 0 0 0 0 0 0 3 0 -2 0 0 0 5 0 -5 0 -3 -1 0 0 0 4 0 0 0 0 0 0 0 0 -4 0 0 0 0 0 0 0 0 0 0 1 0 0 0 0 0 0 0 5 0 -2 2 0 0 0 0 0 0 0 0 -2 4 2 0 0 0 0 0 -2 2 0 0 0 0 0 1 0 0 -5 3 1 0 0 -2
1 -3 0 0 0 0 -5 0 0 2 0 0 0 0 0 0 -3 0 0 0 -2 1 0 0 0 0 0 0 0 -4 0 0 0 0 0 5 0 0 0 -3 0 0 0 0 4 0 0 0 0 0 0 -1 -5 0 -4 0 0 0 0 0 -1 0 0 0 0 0 1 0 1 0 0 0 0 0 0 0 0 0 0 0 3 0 0 0 0 0 0 0 0 0 0 0 0 0 0 0 0 0 0 0 0 0 5 0 -2 -1 0 2 0 0 0 0 0 0 0 0 0 0 0 0 0 0 0 0 2 0 0 0 0 5 0 0 0 0 0 -1 0 0 0 0 0 0 0 0 0 4 5 -4 -4 0 -5 0 0 0 0 0 0 0 0 0 0 0 -2 2 0 0 0 0 0 0 0 0 -1 0 0 0
-7 0 0 0 0 0 0 0 -2 -2 0 0 0 0 0 0 1 0 0 0 0 0 5 0 4 0 -5 0 0 0 0 0 0 0 0 0 0 3 0 0 0 -3 0 0 1 0 -2 -3 0 0 -5 5 0 0 0 0 0 0 -3 0 2 0 0 4 0 1 0 0 0 0 0 0 0 0 0 0 -2 2 -3 5 1 0 0 0 0 0 0 0 0 0 0 0 0 -2 -5 0 0 5 0 0 0 0 0 0 0 -1 0 0 0 0 0 -5 2 -2 0 0 0 0 0 0 0 0 0 0 0 0 0 0 0 0 0 -2 0 0 0 0 0 4 1 0 0 0 0 0 0 -2 0 0 0 0 0 0 0 0 0 -5 0 0 0 0 0 4 0 0 0 0 -4 0 0 0 0 5 0 0 0
-9 -4 -1 0 0 0 0 0 3 0 -3 0 0 0 0 0 0 0 0 0 0 0 0 0 0 0 0 0 0 5 0 0 0 0 0 -1 0 0 0 0 0 0 0 0 -5 3 0 0 -1 -1 0 0 0 5 0 3 0 0 0 0 -5 0 -3 0 0 0 0 4 0 0 0 1 0 -5 0 0 0 -4 0 0 0 0 1 0 0 0 0 0 -5 0 -3 0 0 -1 0 -5 5 0 0 0 0 0 0 0 -1 0 0 0 0 0 0 0 0 0 0 0 3 0 -3 0 0 1 0 0 0 0 0 0 2 1 0 0 0 0 1 0 0 0 0 0 0 0 0 5 -2 0 0 0 0 -1 1 0 0 1 1 0 0 -3 0 0 -1 0 0 0 0 0 0 0 -1 -2 0 0 0 0
8 0 0 0 0 2 0 -2 0 0 0 -1 0 0 0 0 0 0 0 4 0 4 0 0 0 0 0 0 0 0 0 0 1 0 0 0 2 0 0 0 0 -4 0 0 0 0 0 -5 0 0 1 0 0 0 0 0 0 0 0 0 0 0 0 0 4 0 0 0 0 0 0 0 0 -3 0 0 0 4 0 0 -3 0 1 1 0 0 0 0 0 0 0 0 0 0 0 0 0 0 0 0 0 0 -1 4 0 0 -3 0 0 0 4 0 0 0 0 0 0 0 0 -5 0 0 0 0 0 0 1 0 0 0 0 2 0 0 0 0 0 0 0 0 0 0 0 0 5 0 -2 0 4 0 0 0 0 0 -5 0 0 0 0 0 0 0 0 0 0 0 0 0 0 0 0 0 0
8 -3 -1 0 0 0 0 -3 0 0 -5 0 0 0 0 0 0 0 0 0 0 0 0 0 0 0 0 0 0 0 -1 0 0 0 0 0 0 0 0 0 0 0 0 0 0 0 0 3 0 0 0 -4 0 0 0 0 0 0 -4 0 0 0 1 -5 0 0 0 0 0 0 0 0 4 0 0 0 0 0 0 -2 -2 0 0 0 0 3 0 0 0 -2 0 0 0 0 -3 0 0 0 0 0 0 0 0 0 -4 0 0 0 0 0 0 2 0 4 0 0 0 0 0 0 -1 0 0 0 0 0 0 0 0 0 4 0 -3 0 0 0 0 0 -2 0 0 0 0 0 0 0 0 0 0 0 0 0 0 0 0 0 0 0 -2 -3 1 0 0 0 0 -5 3 0 -5 0 0 0
-1 0 0 0 0 0 0 0 0 0 0 0 0 0 2 0 0 0 -5 0 0 0 1 0 0 0 0 0 0 0 0 0 0 0 0 0 0 3 -2 0 0 0 0 0 5 0 0 4 0 0 0 -5 -4 0 0 0 0 0 0 0 0 4 0 3 0 3 0 0 0 -4 0 0 0 0 -1 0 4 0 0 0 0 0 0 0 0 1 0 0 0 0 0 0 0 2 0 0 0 0 0 0 0 0 0 4 0 3 0 1 0 0 0 0 1 0 0 -1 0 5 0 0 0 -4 0 0 0 0 0 -2 0 0 0 0 0 0 -3 -5 0 0 -3 0 0 -1 0 0 0 -1 0 0 -3 0 -2 0 0 0 -1 0 -5 0 0 0 0 5 0 0 -5 0 0 0 0 0 0
1 0 0 0 0 0 0 0 0 0 0 0 0 -3 0 0 0 0 -1 0 0 0 -3 5 0 0 4 0 0 0 0 0 0 0 0 0 0 0 0 0 -1 0 0 0 0 0 0 0 0 0 0 0 0 -2 0 4 0 -4 0 0 5 0 3 0 -4 0 0 0 1 0 0 0 0 0 0 0 0 0 0 0 0 5 0 0 0 0 0 0 -2 -1 0 0 0 0 4 0 -1 0 0 0 0 0 0 0 0 0 0 1 0 0 -1 5 3 0 0 0 -4 2 0 0 0 0 0 0 0 0 0 0 -1 2 -2 0 0 0 0 0 0 0 2 0 0 0 0 0 0 0 0 0 -1 0 0 0 0 0 0 0 0 0 0 0 0 0 0 0 0 -5 0 0 0 0
-3 -3 0 0 0 0 1 2 0 0 0 2 0 -2 0 0 0 0 0 0 0 -1 0 0 0 0 0 0 4 0 -2 0 0 3 0 0 0 0 0 0 -1 0 0 0 0 0 0 0 0 0 0 2 0 0 0 0 0 0 0 0 0 5 0 0 0 0 0 0 1 0 -3 0 0 2 0 0 0 0 0 0 0 0 0 0 0 0 0 0 0 0 0 -2 0 0 0 0 0 0 0 0 0 2 0 0 0 0 0 0 -4 0 0 0 0 0 0 0 0 -1 0 0 0 0 0 0 0 0 0 0 0 0 3 0 0 0 0 0 0 0 0 0 0 0 0 0 0 -2 -4 0 1 0 0 0 2 0 0 3 1 -4 0 0 0 2 0 0 0 0 -5 0 0
-2 0 0 0 0 -1 -3 0 0 0 0 0 0 0 -1 0 0 -3 -4 0 0 0 0 0 0 0 0 0 0 0 0 -4 0 0 0 0 0 -5 0 0 0 -4 0 -1 0 0 0 0 0 0 0 0 0 0 -1 0 0 0 4 0 0 0 -1 2 0 0 2 0 0 0 0 0 0 0 0 0 0 0 0 0 0 0 0 0 0 0 0 0 0 0 0 0 0 0 5 -1 5 -1 0 0 0 0 0 0 0 3 0 -1 0 0 -5 0 3 0 0 0 0 0 0 0 0 4 -4 -1 -1 1 0 0 0 -5 0 0 0 0 0 0 0 0 0 4 0 0 0 0 0 0 3 -4 0 0 0 0 0 0 4 0 -1 0 0 0 0 0 0 0 0 -3 0 5
-4 4 3 0 0 0 0 0 0 0 0 0 0 0 0 0 0 0 0 0 0 0 0 0 0 0 0 0 0 0 0 4 0 0 0 0 0 0 0 3 0 4 0 0 2 0 -5 0 0 0 0 4 0 0 0 0 0 0 0 0 0 0 0 0 0 0 0 0 0 0 0 0 -5 0 0 0 0 0 0 0 0 0 0 0 -4 0 0 0 0 0 0 0 0 3 0 0 0 0 0 0 0 0 0 0 0 0 0 0 0 0 0 0 -3 0 0 0 0 0 0 0 0 0 0 0 0 0 5 0 0 0 0 0 0 0 0 0 0 0 0 1 0 0 0 0 3 -5 0 0 0 1 0 -4 0 -2 0 0 0 0 2 0 0 5 0 0 1 0 0
-2 0 0 0 -1 0 0 2 0 -5 -5 3 0 4 1 0 0 0 0 -1 -4 0 -3 0 0 -5 0 0 2 0 0 4 0 0 0 0 0 0 0 -3 -2 0 0 0 0 0 0 0 0 0 0 -3 0 0 0 2 -1 0 0 0 3 0 0 -3 -3 0 0 0 0 0 -4 -5 0 0 0 0 0 0 0 0 0 -1 0 0 0 0 -4 3 0 0 1 0 0 0 0 0 0 0 -5 5 0 0 0 0 4 0 0 0 0 -1 0 0 0 0 0 0 0 0 0 0 0 1 -2 0 0 0 0 0 2 3 0 0 0 0 0 0 0 0 0 0 1 0 0 0 4 0 0 -1 0 0 0 0 0 5 0 -5 0 5 0 0 0 0 0 0 2 0
1 0 0 0 0 0 0 0 0 -5 0 4 0 0 0 -4 4 -3 0 5 4 -1 0 0 0 0 0 0 0 0 2 0 0 0 0 0 0 2 0 0 0 0 0 0 0 -4 0 3 4 0 0 0 0 -3 0 0 0 0 0 0 5 0 0 0 -3 0 0 0 0 0 0 -1 0 0 0 0 0 0 -4 0 0 0 0 -5 0 0 0 0 0 0 -2 3 0 2 0 0 0 2 0 0 0 0 0 0 0 0 0 0 0 0 0 0 0 0 0 0 -2 0 0 0 0 0 -1 0 0 0 0 0 0 0 0 0 0 -3 0 0 0 0 0 0 0 -3 -4 0 0 0 0 0 0 0 0 0 0 -2 0 0 0 0 0 -1 0 0 0 0 0
-4 4 5 0 0 0 -3 0 -4 0 0 0 -1 0 0 -1 0 0 -2 0 0 0 0 0 0 0 -4 0 0 0 0 0 0 0 1 0 0 0 0 5 0 0 -2 -4 0 0 4 0 0 3 0 2 0 0 0 -2 0 0 1 0 0 -4 2 0 0 0 0 0 0 0 0 0 0 0 5 0 0 4 0 0 -4 0 0 0 -5 0 0 0 1 0 0 0 0 4 0 0 0 0 -1 1 0 0 0 0 0 0 0 0 1 0 0 0 0 0 -5 0 -2 0 0 0 0 0 0 3 0 0 0 0 0 0 0 0 -1 0 0 0 0 0 0 -4 0 0 5 0 0 0 5 0 0 0 0 0 0 -1 0 0 1 0 0 0 0 0 0 0
1 0 0 0 -1 3 0 0 -2 0 0 0 0 0 0 0 0 0 0 1 0 0 0 1 0 0 4 0 0 0 -5 3 0 0 4 0 0 -3 0 0 0 0 -1 0 0 0 1 0 0 0 0 1 0 0 0 0 0 0 0 4 0 0 0 0 5 0 -5 0 0 0 0 0 0 0 0 0 0 0 0 0 0 0 0 0 0 0 0 0 0 0 0 -3 0 -3 0 0 0 0 0 -5 0 0 0 0 0 0 0 0 0 0 0 0 3 0 0 0 0 0 0 0 -4 0 0 -2 0 0 0 0 -1 0 0 0 0 4 0 0 -3 0 2 0 0 0 0 0 0 0 0 0 0 0 0 0 0 0 1 0 1 3 0 0 0 -1 0
-9 -3 0 0 0 0 -4 0 0 0 0 0 0 5 0 0 0 0 -4 0 0 0 1 0 0 -4 3 0 0 0 0 1 0 0 -4 2 0 0 0 0 0 0 0 0 0 0 0 0 0 0 0 0 0 0 0 0 0 0 0 -3 0 0 0 0 0 0 -4 0 -1 0 0 0 4 -2 -5 0 0 0 0 0 0 0 0 0 0 -1 0 0 0 0 0 5 0 0 0 0 0 0 0 2 0 0 4 0 0 -5 0 0 0 0 5 0 0 0 0 0 0 0 0 0 1 0 3 0 1 -5 0 0 0 0 0 0 0 0 0 0 0 0 0 5 0 0 0 1 0 0 0 0 0 0 0 -1 1 1 0 2 0 0 0 0 0 0
-5 0 0 0 0 0 0 0 0 0 3 1 0 0 0 0 0 0 0 0 0 -3 0 0 0 0 -1 0 0 0 0 0 0 0 0 0 0 0 0 0 0 0 0 -2 0 0 0 -2 1 0 0 0 0 -3 0 5 0 0 0 3 0 0 0 0 0 0 0 -1 0 -5 0 0 0 0 0 0 0 -3 0 0 0 0 0 0 0 -4 0 0 0 3 0 5 0 0 2 0 0 0 0 -4 0 0 0 0 0 -3 0 0 0 0 0 0 0 0 0 0 -4 0 0 0 0 0 5 0 0 5 0 0 0 0 0 0 0 0 0 0 0 4 -1 0 0 0 0 0 0 2 0 0 -4 0 0 0 0 0 5 0 0 0 0 0 3
-3 0 -3 0 0 0 -3 0 0 0 1 0 0 0 0 0 0 0 0 0 5 2 -2 0 0 -5 2 0 0 0 -1 0 0 0 -4 0 1 2 0 0 0 0 0 0 0 0 0 0 0 1 -1 0 0 0 0 0 0 0 -1 0 4 4 1 0 0 0 0 0 0 0 0 0 0 0 -4 0 0 0 0 0 0 0 0 0 0 3 2 0 0 0 0 0 0 0 0 0 0 0 0 -4 -4 0 0 -1 1 4 0 0 0 0 0 0 0 0 0 0 0 0 -4 1 0 0 0 0 0 0 0 0 0 0 0 0 0 0 0 0 0 0 -1 0 1 0 0 0 0 2 0 0 -2 0 -5 2 0 0 0 0 0 0 5 0
-8 2 0 0 0 0 0 0 4 0 0 0 0 3 0 0 0 0 0 0 0 0 0 0 0 0 0 -2 0 0 0 0 0 0 0 5 0 0 0 0 4 0 0 0 0 0 0 0 -4 0 0 0 0 0 5 0 0 3 0 0 0 0 2 -2 0 3 -1 0 0 0 5 0 0 0 -5 0 0 0 0 0 0 2 -1 1 -2 3 0 0 4 -5 -5 0 0 1 1 0 0 0 0 1 0 0 0 0 -3 0 0 0 0 -1 0 0 0 0 0 0 0 0 0 -1 -1 0 0 0 0 0 0 0 0 0 0 -3 0 0 0 0 0 0 0 0 0 0 0 0 0 0 0 0 0 -3 0 0 1 0 0 0 0 -2 -4
-5 0 0 5 0 0 0 0 0 0 0 0 0 0 0 2 -3 0 -2 0 0 0 0 -1 0 -4 0 0 0 0 0 0 0 0 0 -3 0 0 -1 0 0 5 0 0 4 0 -4 0 0 0 0 0 0 0 0 0 1 0 0 0 0 0 0 0 0 0 0 0 0 0 -2 0 0 0 0 0 0 0 1 0 -3 0 0 0 0 0 0 0 -1 0 0 0 0 0 0 0 0 0 0 4 5 0 0 0 0 0 -2 3 0 0 0 0 -1 0 0 0 4 0 0 0 0 0 0 0 0 0 0 0 0 0 0 5 4 0 0 0 0 0 0 0 4 -2 0 0 0 -1 0 0 0 0 0 -4 0 2 -5 0 0 0
6 0 0 0 0 0 0 -5 -2 0 0 -1 0 0 0 0 0 2 0 0 0 0 0 0 0 0 0 0 0 0 0 0 0 0 0 0 0 0 3 0 0 0 0 0 0 0 0 0 0 0 0 0 0 0 0 0 0 0 0 0 -1 1 -4 0 0 0 0 0 0 -5 0 0 0 0 -1 0 0 4 0 0 0 -2 0 0 0 -2 4 0 0 0 0 0 0 0 0 0 0 3 -1 0 0 0 0 0 0 0 1 -3 0 0 0 0 0 0 3 0 0 0 0 1 -4 0 1 0 0 0 0 0 0 0 0 -4 -3 0 0 -2 0 0 0 -1 -5 0 0 -4 -5 0 0 0 0 0 5 0 0 0 0 0 0
-1 0 -5 1 0 0 0 0 0 3 0 0 0 0 0 0 0 0 0 0 0 0 3 0 0 0 0 0 0 5 0 0 5 0 0 0 0 0 0 0 2 0 0 0 0 0 0 0 1 0 0 0 0 0 0 0 5 0 3 0 0 0 -2 0 0 0 1 0 0 0 0 0 0 2 0 0 4 0 0 0 -5 2 0 0 0 0 0 0 0 0 0 0 2 0 0 -1 -5 0 0 5 0 0 -2 0 5 0 5 0 0 0 0 0 0 0 0 1 0 0 -3 0 0 0 0 -5 0 2 0 -2 0 0 0 0 0 2 0 0 0 0 1 0 0 0 0 0 0 0 0 0 0 -3 1 0 0 0 0 0
-4 0 0 0 0 0 3 0 4 0 0 1 0 1 0 0 0 0 0 0 -3 0 0 0 0 0 0 0 0 0 0 0 -3 0 4 0 0 -1 0 0 0 0 0 0 0 0 0 0 0 0 -1 0 0 0 0 0 0 0 0 0 0 2 0 0 0 -2 0 0 0 0 0 -3 0 0 0 0 0 0 0 0 0 3 0 0 0 2 0 -1 0 0 0 0 3 0 0 0 0 0 0 -3 0 0 -5 2 0 0 0 0 0 5 0 0 1 0 0 0 0 0 0 0 0 0 0 0 -2 5 0 0 0 0 0 0 -3 0 -5 0 0 0 0 1 0 0 0 0 0 0 -1 0 0 0 0 0 0 0 -2
10 0 0 -2 2 0 0 0 3 0 0 0 0 0 0 0 0 0 0 0 0 0 0 0 0 0 0 0 3 5 0 0 5 -2 -2 -4 0 0 0 0 -1 0 0 0 0 0 -2 0 2 0 0 0 0 -1 0 0 0 3 2 0 -1 0 0 0 0 -5 1 0 0 0 0 0 3 0 0 0 0 0 0 0 0 0 0 0 0 1 0 1 0 2 1 0 0 0 0 -4 0 0 0 0 0 0 4 0 0 4 0 0 1 0 0 0 0 0 -2 0 0 0 1 0 0 0 0 0 0 0 0 0 0 0 0 0 0 0 0 1 0 0 0 5 0 0 -1 4 0 0 0 0 0 0 5 0 0 0
10 0 0 0 0 0 0 0 5 1 0 0 0 0 0 -4 0 0 0 -3 0 0 0 0 0 1 -2 0 0 0 0 0 0 0 0 0 0 3 0 -2 0 0 0 0 0 0 0 4 0 0 0 0 0 0 0 0 0 0 0 0 0 1 0 0 0 0 3 0 0 -3 0 0 0 0 0 1 0 0 -2 0 0 0 0 0 0 0 0 -4 0 0 5 0 0 0 0 0 -1 -5 -2 0 0 0 -3 0 -4 -3 0 0 0 -1 0 0 -2 0 2 2 0 0 0 3 0 5 0 0 0 -1 0 0 -4 0 0 1 0 4 0 -2 -4 0 0 -2 -1 0 0 0 0 0 0 -5 0 0 0 0 0
3 -5 -1 0 0 0 0 0 3 0 0 3 0 0 0 0 0 -3 1 0 0 -2 2 0 0 0 0 0 0 0 5 0 0 0 0 1 0 0 0 0 0 0 -3 0 0 0 0 0 0 5 0 0 0 0 0 0 0 1 0 0 0 0 0 0 0 0 0 0 0 0 0 -2 0 0 0 0 0 0 0 -2 -2 0 0 0 0 0 0 0 0 0 0 0 0 0 0 0 0 0 0 1 1 0 -3 0 0 -2 0 0 -1 0 0 0 3 0 0 -3 1 0 0 0 0 -4 0 -4 0 -1 0 0 0 0 0 4 -4 0 -2 0 -4 0 1 0 -3 0 0 3 0 0 0 -1 0 -3 0 0
-5 0 1 0 0 0 0 0 0 0 0 -2 0 -5 0 0 0 0 0 0 0 0 0 0 5 0 0 0 0 0 0 0 0 0 0 0 0 0 0 0 0 0 0 0 0 0 0 -4 0 1 3 0 0 0 0 0 0 -2 0 0 0 -2 3 -4 3 0 0 0 -4 0 0 -1 0 0 3 0 0 0 0 0 0 0 0 0 0 0 0 -5 0 0 -4 0 0 0 0 1 1 2 0 0 0 0 0 0 0 0 2 -2 0 -1 0 0 0 0 -2 5 3 0 -5 -1 0 0 0 0 0 -1 1 0 0 0 0 0 0 0 0 0 0 0 0 1 0 0 0 -1 0 0 -1 0 0 0 0
9 0 0 0 2 1 0 0 0 3 0 0 0 1 0 2 0 0 0 0 0 -4 0 0 0 0 0 0 0 -4 0 0 0 0 3 0 0 0 0 0 0 0 0 0 0 0 0 0 0 3 0 0 -2 0 0 0 0 0 0 0 1 0 -1 0 0 0 0 0 0 0 0 0 0 0 0 0 0 0 0 0 0 0 1 0 -2 0 0 5 0 0 0 0 2 0 0 0 0 4 0 0 0 -4 0 0 0 0 0 0 0 -4 0 0 0 0 0 0 0 1 0 0 0 0 0 -3 0 0 0 0 3 0 -2 0 0 0 0 0 0 0 0 0 0 0 -3 0 0 0 0 0 0 0
4 0 0 3 0 0 0 0 0 0 0 0 0 0 3 0 0 0 0 0 0 0 0 0 1 4 0 0 4 0 1 0 4 0 0 0 0 -4 2 0 0 0 0 0 0 0 0 0 0 0 -3 0 0 0 0 1 0 0 0 -2 0 0 0 0 0 0 -4 1 0 0 0 0 0 0 0 0 0 2 -4 0 0 0 -1 0 0 0 0 -1 0 0 0 3 0 3 -1 0 0 -3 0 0 0 -1 0 0 0 0 0 0 0 -2 -1 -3 0 0 0 0 1 3 0 0 0 -2 0 0 1 0 0 0 0 -5 0 0 0 0 0 0 0 0 0 0 0 -5 0 0 0 -5 0 0 0
3 0 0 0 0 0 0 0 0 0 0 0 0 0 -1 0 -5 0 4 0 0 2 2 0 0 0 0 0 0 0 0 0 0 0 1 0 0 0 0 -3 -2 0 0 0 0 0 0 0 0 0 0 0 -2 0 0 0 0 5 0 0 0 0 0 2 0 0 0 0 0 0 0 0 0 -1 4 0 0 0 -3 0 0 -2 0 0 -4 5 0 0 0 0 0 0 0 0 0 -1 0 0 0 0 0 0 0 4 0 0 0 0 0 0 0 -1 0 0 0 0 0 0 0 4 0 0 -3 0 0 0 0 0 0 0 0 0 0 0 0 0 0 0 0 0 0 0 0 0 0 -2 0 0
-10 0 0 0 0 5 0 5 5 0 -5 0 0 0 0 0 0 0 0 0 -3 0 0 5 0 -5 0 0 5 0 -5 0 0 0 0 1 4 0 0 -2 4 0 0 0 0 0 0 2 0 0 0 0 0 0 0 -5 0 -1 0 0 0 0 0 0 0 0 0 0 0 0 2 0 -5 0 0 0 0 0 0 0 -1 0 -4 0 -2 0 0 0 0 0 0 -4 0 -1 0 0 0 0 0 0 0 -1 0 0 0 0 0 0 0 0 -1 0 1 0 0 0 0 0 0 0 0 0 0 0 0 0 0 0 0 0 0 0 0 0 0 -4 3 0 -1 0 0 0 0 0 0 0 -5
9 0 0 0 1 -4 0 0 0 -5 0 0 0 0 0 0 0 0 0 0 0 0 0 -1 0 0 0 1 0 0 0 0 0 0 0 0 -4 0 1 0 0 0 2 0 0 0 0 0 5 0 0 -5 0 0 0 0 0 0 0 0 0 0 0 0 0 0 0 0 -4 0 0 0 4 2 0 0 -2 2 0 0 0 0 -1 3 0 0 0 0 -1 0 0 0 0 0 0 0 0 0 0 0 0 0 0 0 0 0 0 0 0 -1 0 0 0 0 0 -1 0 0 0 4 0 0 1 0 0 0 0 3 0 0 0 0 0 0 1 0 0 0 1 1 0 0 0 0 -5 -3
-4 0 0 1 0 0 0 -1 0 0 0 0 0 0 0 0 1 0 0 0 0 0 4 0 0 1 0 0 0 0 0 0 0 0 0 0 0 0 0 0 0 0 0 0 0 0 1 0 0 0 0 1 0 0 0 -5 5 0 0 0 0 0 0 0 0 0 0 0 0 0 0 0 0 0 0 3 0 0 0 0 0 0 0 4 0 -3 0 0 -5 0 0 4 0 0 0 0 5 0 0 0 0 0 0 0 1 0 0 4 1 -4 -4 0 0 0 0 0 -3 0 -1 0 0 4 0 0 0 0 1 0 0 0 1 0 0 0 0 0 0 -4 0 0 0 -4 0 0 0
-10 0 0 0 0 0 1 0 0 0 0 0 0 0 0 0 0 0 0 0 0 0 -1 0 0 0 -3 0 0 0 0 0 0 0 0 0 0 0 0 0 -2 0 -5 0 0 1 4 0 0 0 0 0 2 0 -3 0 0 -2 0 3 0 0 0 0 0 0 0 0 0 0 0 0 0 0 0 4 0 0 0 0 0 0 0 0 0 -1 0 0 -5 0 0 0 0 0 0 0 0 0 -5 0 0 0 0 0 5 -5 0 0 0 0 0 0 0 0 0 0 0 -1 0 0 0 0 0 -1 0 0 0 0 -1 0 -4 0 0 0 0 0 0 -5 0 0 0 0 0 -3
-6 2 0 1 0 0 0 -4 0 -1 0 0 0 0 -2 -2 3 0 -2 0 0 -2 -3 0 0 0 0 0 0 0 0 0 2 0 0 0 0 -1 0 -5 -3 0 0 0 0 0 0 -5 0 0 0 0 0 0 -5 0 0 0 0 -3 0 0 -1 0 0 0 0 3 0 5 0 3 0 0 0 0 0 -4 3 0 0 0 0 0 0 0 0 0 0 1 0 0 0 4 0 -1 0 -3 0 -4 1 0 0 5 0 -1 0 0 1 0 0 0 0 0 0 0 0 0 0 0 0 0 0 2 0 -5 0 0 0 -2 -3 0 0 0 0 0 0 0 1 0 0 0 0
-1 0 -3 0 0 0 0 0 0 0 0 3 0 1 -4 0 1 0 0 0 0 0 0 0 0 0 0 -5 0 0 -2 0 -5 0 0 0 0 0 0 0 0 3 0 0 0 0 0 0 0 0 0 0 0 0 0 0 -1 -3 -1 0 0 0 0 0 0 0 0 0 0 0 1 0 0 0 0 1 0 0 0 0 0 0 0 0 0 3 0 -4 0 0 0 0 0 0 1 0 0 0 0 -4 0 0 0 0 0 0 0 2 5 0 0 0 0 0 0 0 0 0 0 -3 0 0 0 0 0 0 0 0 0 1 0 -5 0 0 0 0 0 0 0 0 2 4
4 0 0 5 0 0 0 0 0 -3 0 0 0 -5 0 0 1 0 0 0 0 0 0 0 4 0 0 0 0 0 0 0 0 3 0 0 0 0 1 4 0 0 0 0 0 0 0 0 0 0 0 0 4 0 0 0 -5 0 0 0 2 0 0 0 4 0 4 -3 0 0 0 0 0 0 0 0 0 0 0 0 0 0 0 0 0 0 0 0 0 0 0 0 5 0 0 3 0 -2 0 1 0 0 1 0 0 0 0 0 0 0 5 0 0 4 0 0 0 0 0 0 0 0 0 0 0 0 0 0 0 0 0 0 0 0 0 0 0 0 0 0 2
1 0 1 0 -5 0 -1 2 0 0 0 0 0 0 0 0 0 0 0 0 0 0 0 0 0 0 0 0 0 0 0 0 0 1 0 4 0 0 0 0 0 0 0 0 0 0 0 0 3 0 0 0 0 0 -1 0 0 0 0 0 0 1 0 0 0 0 0 0 0 0 0 0 0 1 0 0 0 0 0 0 -1 4 4 0 0 0 -4 0 0 0 0 0 0 0 -3 0 0 1 0 2 -3 0 -3 0 0 0 0 0 0 0 0 4 0 -1 0 2 0 0 0 -5 0 0 0 0 0 0 0 0 4 1 0 -2 0 0 5 0 0 3 0 5
7 -3 0 0 0 0 0 0 0 0 0 0 0 0 0 0 0 3 0 0 0 0 0 5 0 0 1 0 0 5 0 0 0 1 0 0 0 0 0 0 0 0 -1 0 3 0 0 0 0 4 1 0 0 0 0 0 0 0 0 0 0 0 0 0 0 0 0 1 0 0 0 0 -5 0 0 0 0 0 0 0 0 0 0 1 0 0 0 0 0 0 0 0 0 0 0 0 0 0 0 0 0 -1 0 0 3 0 0 0 0 0 0 0 0 0 0 0 0 0 0 -2 -1 0 0 0 0 0 -3 0 -2 0 0 0 0 0 0 0 -2 0 0
-4 0 0 -1 0 0 1 0 0 0 4 0 0 0 0 -1 0 2 0 1 0 0 0 0 0 0 0 0 0 0 0 -3 0 0 -4 0 -3 0 0 0 0 0 0 0 0 0 0 0 0 0 0 0 0 0 0 0 0 0 -1 0 0 0 0 1 0 0 0 0 0 0 0 -1 0 0 0 0 0 0 0 4 0 0 0 0 0 0 0 -1 -3 0 0 0 0 0 1 0 4 0 0 0 0 0 -3 2 0 0 0 0 0 0 0 -1 0 0 0 0 0 0 0 0 0 0 0 0 0 0 -3 0 0 0 0 0 -1 0 0 0 0 0
5 -2 0 0 0 0 0 0 0 0 0 0 0 0 0 0 0 0 0 -1 0 0 0 0 0 5 4 2 0 0 0 0 0 0 0 0 0 0 0 0 4 0 -5 4 0 -5 0 0 -1 1 -5 0 0 0 0 0 0 0 0 0 3 0 0 0 0 -4 0 0 -2 0 0 0 -3 5 0 1 0 3 4 1 0 0 0 0 0 1 0 0 0 -5 0 0 0 0 0 0 0 0 0 0 0 0 0 0 0 0 0 0 0 0 0 0 0 0 0 1 -5 4 -4 0 2 -1 0 0 0 0 1 4 0 0 0 4 0 0 3 0 0
10 1 0 0 -2 0 0 0 0 0 0 0 5 0 0 0 0 0 0 3 0 0 0 0 -1 0 -5 0 5 0 0 0 -1 4 0 0 0 0 0 0 0 0 0 -5 0 0 0 1 0 0 0 3 0 0 0 0 0 0 0 0 0 0 0 -3 0 0 0 -3 0 0 0 0 0 0 0 0 0 0 0 0 0 0 0 -5 0 0 -1 0 0 -2 0 0 0 0 0 0 0 0 0 -5 2 0 0 0 0 0 0 0 0 3 0 0 0 0 0 4 4 0 0 -4 0 0 0 0 0 0 0 0 0 0 0 0 0 0 0 0
-5 0 -4 0 0 0 4 0 0 0 0 0 0 0 0 0 0 0 -1 0 0 0 -5 0 0 -4 0 0 -5 0 0 0 0 -2 0 0 0 0 0 0 4 1 0 0 0 0 0 0 -3 -1 0 -2 -1 -1 0 0 0 0 0 0 0 0 0 0 0 0 5 0 0 0 0 3 0 0 -3 0 4 0 0 0 0 0 0 -2 5 1 0 0 0 0 0 0 0 0 0 0 -5 0 5 0 2 0 0 0 0 3 0 0 0 0 5 0 0 0 0 0 0 0 0 4 0 0 0 0 0 -5 0 0 0 0 0 0 0 0 0
-7 0 0 1 0 0 -2 0 0 0 3 0 0 0 0 0 0 0 0 0 0 0 0 0 0 0 0 0 0 -4 -5 0 0 0 0 0 4 2 0 0 0 0 0 0 -3 0 0 0 0 -4 3 0 0 4 -2 3 0 0 0 0 0 1 0 -5 -5 0 0 -2 0 -2 0 0 0 0 -5 0 -1 0 0 0 0 0 0 0 0 0 4 -2 0 5 -5 0 0 0 0 -1 0 0 5 0 0 0 1 0 0 0 0 -2 4 -1 0 0 0 0 4 0 0 0 0 0 0 -1 0 -1 0 0 0 0 -1 0 0 0 0 0
10 0 -1 0 0 0 0 0 -2 0 0 0 0 0 0 0 0 0 0 0 0 -1 0 0 0 0 0 0 0 4 0 -2 0 -2 0 5 0 0 0 0 0 0 0 2 0 0 0 0 0 0 0 0 3 0 0 0 0 0 0 -5 0 0 0 0 0 0 0 0 0 0 0 0 0 0 0 0 0 0 0 -1 0 -2 0 0 0 0 0 1 0 0 2 0 -3 0 0 0 0 0 -5 1 0 0 0 0 0 0 0 0 0 0 0 0 1 0 0 0 0 0 0 0 0 0 -2 0 0 0 0 0 0 0 0 0 2
7 0 -4 0 0 0 0 -3 0 0 0 0 0 0 0 0 0 0 0 2 0 5 0 0 0 0 0 0 0 -3 0 0 0 0 0 0 0 0 0 0 -4 0 0 5 0 -4 0 0 0 0 0 -5 1 3 0 0 2 0 -2 0 0 0 0 0 0 -5 0 0 0 0 0 0 0 0 0 0 0 0 0 0 0 0 3 4 0 0 -5 0 0 0 0 4 0 0 0 0 0 0 0 0 0 0 2 0 0 0 1 0 2 0 0 -4 0 0 0 0 0 0 0 0 -1 0 0 0 0 -5 -3 0 0 0 0 3
8 -4 3 2 0 0 0 -5 0 0 0 4 0 0 4 0 0 0 0 0 0 0 1 0 0 0 0 0 -3 -3 -2 0 2 0 0 0 0 0 0 0 0 0 0 -4 0 0 0 0 0 0 0 0 0 0 0 0 -1 -2 0 0 0 0 0 0 0 0 0 0 0 0 0 0 0 0 0 0 0 -5 0 -3 0 -1 0 0 0 0 0 0 0 0 0 0 0 0 1 0 0 0 0 0 0 3 0 0 -1 0 0 0 2 2 0 -3 0 0 0 -3 -5 0 0 0 0 0 0 0 0 0 0 -3 -1 0 0
6 0 0 0 0 0 0 0 0 -5 -1 0 0 0 0 0 -2 0 0 0 0 0 0 0 -1 0 0 0 0 0 0 0 0 0 0 0 0 1 0 0 0 -3 0 0 0 0 0 4 0 -2 0 0 0 0 0 -5 0 0 0 0 0 0 0 0 0 0 0 1 -3 0 0 0 0 0 0 0 0 0 0 0 0 0 0 -1 0 0 1 0 0 0 0 0 0 0 4 0 0 0 0 0 -1 0 0 0 2 0 1 0 0 0 1 0 0 0 -2 0 3 2 0 0 0 0 0 0 0 0 0 0 0 0
5 0 3 0 0 0 -1 4 1 0 0 0 0 0 0 0 0 0 0 0 -1 0 0 0 0 0 0 0 0 0 0 5 0 0 0 -1 0 0 0 1 0 0 -1 0 0 0 0 0 0 0 0 -3 0 2 0 0 -2 3 0 0 0 0 1 -1 0 0 0 0 0 0 0 0 0 0 0 0 0 -5 0 0 -3 0 0 0 -5 0 0 0 0 0 0 5 0 0 0 0 0 5 0 0 0 0 0 0 0 1 1 0 0 0 0 0 0 0 0 0 0 0 0 0 1 0 0 -5 1 -5 0 -5 0
-2 0 -4 5 0 0 0 0 0 0 0 -1 0 2 0 5 0 0 0 0 0 0 0 0 0 0 0 0 0 0 0 0 1 0 0 0 1 -3 0 0 0 5 0 0 0 0 0 0 0 0 0 0 0 -2 0 0 1 0 0 0 0 0 -3 0 0 0 0 0 0 0 0 0 3 0 0 0 0 4 0 0 0 0 0 0 0 0 0 0 4 0 0 -4 0 4 0 0 0 0 0 0 0 0 0 0 0 0 0 0 0 0 0 0 0 -1 4 0 0 0 0 -1 0 0 0 0 0 -5 0 0
2 0 4 -1 0 0 0 0 0 0 0 0 0 0 0 0 0 0 0 -1 1 2 0 0 0 -1 0 0 0 0 0 0 0 4 -5 -2 0 5 0 0 0 0 -3 0 0 0 0 0 0 0 2 0 0 3 0 -4 0 -2 0 0 0 -2 0 5 0 0 0 0 3 0 0 -5 -1 4 0 0 0 0 0 0 0 5 4 0 0 0 -5 0 0 0 -1 0 2 -4 0 0 0 1 0 0 0 0 0 0 0 0 0 0 0 0 0 0 -2 0 0 0 0 0 0 0 0 1 0 0 -5 0 0
8 2 0 0 0 0 0 -5 0 0 -3 -3 0 -2 0 0 0 0 0 3 0 0 4 0 0 0 5 0 -3 -5 2 0 0 0 0 -5 0 0 -2 -2 -3 0 -3 4 0 0 0 3 0 0 0 0 1 2 0 5 0 0 0 0 0 0 0 0 0 0 0 0 0 5 0 0 0 -5 0 0 0 2 0 0 0 -2 0 0 0 2 0 0 0 0 0 0 -2 0 -1 0 0 0 0 0 0 0 0 0 0 3 5 2 0 -3 0 0 0 -1 0 0 0 0 0 0 0 0 0 0 0 3
-1 0 -1 0 0 0 0 0 0 -5 0 0 0 0 0 0 0 0 4 -2 4 0 0 -1 4 0 -4 0 1 0 0 0 -1 0 0 0 0 0 0 0 -2 0 0 0 0 0 0 5 0 0 -2 0 0 0 -4 5 0 0 0 0 1 0 -1 0 0 0 0 0 -4 3 0 0 0 0 0 0 0 0 0 -2 2 0 3 0 0 0 0 0 0 0 0 0 1 0 0 -5 5 -1 -3 0 0 0 0 0 0 0 0 0 0 0 0 0 0 0 3 0 -2 0 0 -1 0 0 0 0 0
-6 0 0 0 0 0 0 0 0 0 0 0 5 3 5 0 0 0 0 0 0 0 0 0 0 0 0 4 0 0 -3 0 0 0 0 0 0 1 0 2 0 0 0 -2 4 0 -2 0 0 0 -1 0 0 0 0 -1 0 0 0 0 0 0 0 0 0 2 0 0 0 0 0 2 0 0 -2 0 -1 0 0 0 0 0 0 0 0 -2 4 3 0 0 2 0 4 0 0 0 2 0 0 0 0 0 0 1 0 0 5 0 4 0 0 0 0 0 0 -2 0 0 0 0 1 0 0 0
-1 1 4 0 0 0 1 0 0 0 0 0 0 0 0 0 0 3 0 0 0 -1 0 0 0 -5 0 0 0 0 0 0 0 0 -3 0 0 0 0 0 0 0 0 0 0 0 0 0 0 0 0 0 0 0 -5 0 0 0 0 0 0 0 0 0 0 0 0 0 0 0 0 0 3 0 0 0 3 0 0 0 -4 0 0 0 0 0 -5 0 0 0 -3 0 0 0 2 0 0 0 0 0 0 0 -1 0 0 0 4 1 0 -1 0 0 0 0 0 0 0 0 0 0 -1 0 0
-1 0 0 0 0 0 3 0 -3 0 0 0 0 0 0 1 0 0 0 2 0 0 1 0 0 0 0 0 0 0 0 0 -2 0 4 4 -1 0 0 0 0 0 -5 0 -2 0 0 0 0 0 0 2 0 0 5 0 0 0 0 0 0 0 0 0 0 0 0 0 0 0 -2 0 0 0 0 0 0 0 0 0 0 0 0 3 0 0 3 0 0 5 0 -5 0 0 0 0 -1 0 0 0 0 0 0 0 0 0 0 0 0 0 0 5 4 1 0 0 0 0 -5 0 0 0
-5 0 0 -1 0 0 3 0 2 0 0 0 5 0 0 0 5 0 0 0 5 4 0 0 0 0 0 0 0 -2 -3 0 -5 0 0 0 0 0 0 0 0 0 0 -1 -2 0 0 0 0 0 0 0 0 1 0 0 0 0 0 0 -5 0 0 0 0 0 0 0 -1 0 0 0 0 0 0 0 0 0 1 0 -2 0 0 0 0 0 0 -2 0 0 0 0 0 0 0 0 0 0 0 0 0 3 0 0 0 -3 0 0 0 -1 -2 0 3 0 0 0 0 0 0 0 0
2 0 0 0 0 0 0 0 0 0 2 0 0 0 1 0 4 0 0 0 0 0 0 0 0 -4 2 0 0 0 0 0 -3 0 0 0 0 0 -3 0 0 0 1 0 0 0 0 0 0 0 0 0 0 0 0 0 5 0 0 3 -4 1 -1 5 0 0 0 0 0 0 -1 0 3 0 -4 0 0 0 4 0 0 0 0 -4 0 0 0 0 0 -4 0 0 0 4 0 0 0 0 0 0 0 0 0 0 0 0 0 0 0 0 0 0 0 2 0 0 0 0 0 -2
9 0 0 0 -4 0 0 0 0 0 0 0 1 0 0 0 1 0 0 0 0 0 0 0 -2 0 2 0 0 -5 1 0 0 0 0 0 0 0 0 0 1 0 0 0 0 0 0 0 -1 0 1 4 0 0 0 0 0 0 0 0 0 0 0 0 0 0 3 0 0 0 -2 0 0 0 0 0 0 0 0 1 0 -1 1 0 0 0 0 0 0 0 0 0 0 0 0 0 0 4 0 0 0 0 0 5 0 2 0 0 0 -5 0 0 0 -1 0 0 0 4 -4
2 0 0 0 0 0 0 0 0 0 0 0 4 3 0 0 0 0 0 0 0 0 0 -3 0 0 0 0 -4 0 0 0 -2 0 0 0 0 0 0 0 -5 0 0 0 0 3 0 0 0 0 0 0 0 0 0 0 -3 3 0 5 0 0 0 0 0 0 0 0 -1 0 0 4 0 2 0 0 0 0 0 -4 0 0 5 0 0 0 0 1 0 0 2 0 0 0 0 1 0 0 -2 0 0 0 0 1 0 0 0 0 0 0 0 0 0 0 0 0 0 0
-7 -3 0 0 0 0 0 0 0 0 0 0 0 0 5 5 0 0 -4 0 0 0 0 0 0 0 1 0 2 0 0 -1 0 2 0 0 0 0 0 0 0 0 0 1 0 0 0 0 0 0 0 0 5 0 0 0 0 -1 -5 0 4 0 1 0 0 0 0 0 0 0 0 0 0 0 0 -5 0 0 0 1 0 0 0 0 -1 0 0 0 0 0 0 0 0 0 0 0 0 1 0 0 -4 0 0 0 0 0 0 0 0 0 0 0 0 0 -4 0 0
-1 0 0 1 0 0 0 0 0 -5 0 0 4 0 2 0 0 5 0 0 0 0 0 0 0 0 0 0 -3 2 0 0 0 0 0 0 -1 -2 0 0 0 0 0 -1 1 -1 0 -3 0 0 0 0 0 0 0 -2 0 0 0 0 0 0 0 0 0 0 0 0 0 0 0 0 0 0 -2 0 3 0 -5 0 2 0 0 0 0 0 -5 5 1 0 0 0 0 0 0 0 0 0 0 0 0 0 0 0 0 1 0 0 -1 0 0 0 0 -4 0 0
-6 0 3 4 0 -4 0 0 -5 0 0 0 0 0 0 0 -4 0 -2 0 0 0 0 0 5 0 4 0 0 0 0 0 0 0 0 0 5 0 0 0 1 0 0 0 0 0 0 0 0 0 0 0 0 0 0 0 0 0 0 0 0 0 0 0 0 0 0 0 0 0 5 1 0 1 3 0 -5 0 0 0 0 0 -4 0 5 0 0 0 0 0 0 0 0 0 0 1 0 5 0 0 0 0 0 0 0 0 0 -4 -1 0 0 0 0 5 0
7 -3 0 5 0 0 1 0 2 0 0 0 4 0 -5 0 0 0 0 -1 0 0 0 0 0 0 0 -1 5 0 0 0 0 0 0 0 0 0 0 0 0 0 0 0 0 0 0 -3 0 0 0 0 0 0 0 -4 -1 0 0 0 0 0 0 0 0 0 0 0 1 0 0 0 0 0 0 0 0 0 0 0 2 0 0 0 0 0 0 0 0 0 0 4 1 0 0 0 0 0 0 0 0 4 0 0 0 0 5 0 0 0 0 0 -1 0
-10 0 0 0 0 0 0 0 0 0 0 0 0 -1 0 0 0 4 -1 0 0 0 0 0 0 0 0 0 0 0 0 0 5 0 0 0 0 0 0 0 0 -5 0 0 0 0 0 0 0 -5 0 0 -1 3 0 2 0 0 2 0 1 0 0 0 0 0 -4 3 0 5 0 0 0 0 -1 0 0 0 0 0 2 0 0 0 0 0 0 0 0 0 0 0 -3 0 -1 0 0 5 2 0 0 0 0 0 0 0 1 0 0 0 -1 0 0
4 0 0 0 0 0 0 0 0 0 0 0 0 -4 0 -3 0 0 0 0 0 0 0 0 0 0 0 0 0 0 0 0 0 0 1 0 0 0 -1 0 0 0 -1 0 0 0 0 0 0 0 0 0 1 0 0 -4 0 0 0 0 0 0 0 5 0 0 0 3 -4 0 0 0 0 0 1 0 0 0 2 0 0 0 0 0 -1 1 0 0 1 0 0 0 0 0 0 0 0 0 0 0 -3 0 0 0 0 2 0 -5 0 0 0 0
8 0 0 0 2 0 0 0 0 0 0 -5 5 5 0 0 0 0 2 0 0 2 5 0 0 3 -4 0 2 0 0 3 0 0 0 4 0 0 4 0 0 0 0 0 0 0 0 0 4 0 0 0 5 -2 -3 -1 0 0 0 0 0 0 0 0 0 0 0 0 0 0 2 0 0 0 0 0 3 0 0 0 0 2 0 0 0 0 0 0 0 0 0 0 0 3 0 0 0 0 1 0 2 0 0 0 0 0 0 3 -4 0 4
-8 1 0 0 -4 0 0 0 -5 0 0 0 0 0 0 -2 5 0 0 -1 0 0 5 0 4 0 0 1 0 0 0 0 0 -5 0 0 0 0 0 0 0 0 0 0 -4 0 0 0 -3 0 0 0 -3 -2 0 0 0 0 -4 0 0 0 0 0 0 0 0 0 0 0 0 0 0 5 0 0 -3 2 1 4 0 -1 0 0 0 0 0 0 4 0 5 0 0 0 -4 0 0 2 0 0 0 0 0 0 0 0 0 0 0 0
6 0 1 0 0 2 0 0 0 5 0 4 0 0 0 0 0 0 0 0 0 0 0 0 0 0 0 1 2 0 -2 0 0 0 0 0 0 0 0 0 0 0 0 0 0 0 0 0 0 0 0 -4 0 0 0 0 0 0 0 0 0 0 0 1 0 -2 0 5 1 -2 0 0 0 0 -2 0 3 4 0 -2 0 0 0 0 0 0 0 1 1 0 0 0 0 -4 0 0 0 0 0 -2 1 0 0 0 -1 0 0 0 -4
2 0 -5 1 0 0 0 -1 0 1 0 -1 0 5 -4 -4 0 0 0 0 0 0 0 0 0 0 0 0 0 0 0 0 0 0 3 5 0 1 0 0 0 0 0 0 -5 0 0 -5 0 0 0 0 0 0 0 0 0 5 0 -1 5 0 0 2 0 0 0 0 0 0 0 0 0 0 0 0 0 0 0 0 0 0 0 0 0 0 2 0 0 0 0 2 0 0 0 0 0 0 -3 0 -4 0 0 0 0 0 3 0
8 0 0 0 0 0 0 0 0 0 0 0 0 0 0 0 0 0 0 0 -3 0 0 0 0 0 0 0 0 0 5 0 0 0 0 2 0 0 0 0 0 -5 0 0 0 0 0 0 0 0 -1 0 0 0 0 0 0 0 0 -5 0 0 1 0 0 0 -5 3 3 0 0 0 0 0 0 0 0 0 0 0 0 0 4 0 5 0 0 0 0 0 0 -5 0 0 4 -4 0 0 0 0 -4 0 0 0 5 -2 2
-8 0 0 0 5 0 0 0 0 2 0 0 0 0 0 0 0 0 0 0 0 2 0 0 0 0 0 0 -2 0 0 0 0 0 0 0 0 0 0 3 0 0 0 0 0 0 0 -5 0 0 0 0 0 0 0 5 0 0 -1 -3 -5 0 0 0 0 5 -5 0 0 0 0 0 0 0 1 -1 0 0 0 0 -3 0 0 2 0 4 0 0 0 0 3 0 -4 0 0 0 0 0 0 -1 0 0 0 2 0 0
1 0 0 0 0 0 0 0 -3 0 4 0 0 -1 0 4 4 -3 0 0 0 0 -1 3 0 2 0 0 0 0 -4 0 0 0 0 0 0 -5 0 0 0 0 0 0 0 0 0 2 5 0 0 0 0 4 0 0 0 1 0 0 -4 0 2 0 0 0 0 -3 0 0 0 0 -1 0 1 0 0 0 0 0 0 2 0 0 0 0 0 0 -4 0 0 0 0 3 0 0 0 0 0 0 3 0 0 0 0
8 0 -1 0 0 0 0 0 1 0 0 0 0 0 0 0 0 0 0 0 0 1 0 0 0 0 0 0 0 0 0 -5 0 -4 0 0 0 0 0 0 0 0 0 0 0 0 0 0 0 2 5 0 0 0 0 0 0 0 0 0 0 0 0 -4 0 0 0 0 2 0 0 0 0 -5 2 5 -3 0 3 0 0 0 0 -5 0 0 0 0 0 0 0 0 0 0 0 0 0 1 -1 0 0 0 0 0
-5 0 0 4 0 0 0 0 0 0 0 0 0 1 0 0 -3 0 0 0 0 0 -3 0 0 0 1 0 0 0 5 0 0 0 0 0 0 -3 0 0 5 0 0 -5 0 4 0 0 0 0 0 4 0 0 0 0 0 0 0 -3 -2 -3 0 0 0 0 0 0 0 0 0 0 0 0 0 0 0 5 0 -5 0 0 0 0 0 0 0 0 0 0 5 -1 -4 0 0 -1 4 0 -4 -1 0 5 -2
-4 5 0 0 0 0 0 5 0 0 0 0 0 0 0 0 5 0 0 0 0 0 0 -4 0 0 0 0 0 0 5 0 0 0 2 0 0 0 0 0 0 0 0 0 0 0 0 0 2 -3 0 0 -2 -2 0 0 0 0 0 1 0 0 0 0 0 0 0 0 0 0 0 0 0 0 0 0 0 0 3 0 -3 1 0 0 0 0 0 0 0 4 0 0 0 0 0 5 0 2 0 0 0 0
5 -4 0 0 0 0 0 0 0 -4 0 0 0 0 1 2 0 -2 0 4 0 0 -5 0 0 -4 0 0 0 0 0 0 0 0 0 -5 0 0 0 0 0 0 -4 0 0 -4 0 0 0 0 -5 0 -2 0 2 0 0 2 0 0 4 0 0 0 0 0 0 0 0 0 0 0 0 0 0 0 0 -4 0 0 0 0 0 0 0 0 0 0 0 0 -2 0 0 1 0 0 0 0 -1 3 0
-4 0 -3 1 0 0 0 0 0 -4 0 0 0 0 0 2 0 1 0 0 0 0 0 0 0 0 0 0 0 0 0 0 3 0 0 0 0 0 0 0 0 0 -2 2 0 0 -2 0 0 0 0 0 0 0 -1 0 0 0 0 0 0 0 0 0 0 0 0 0 0 0 0 0 0 0 0 0 -3 0 0 0 4 0 0 0 5 0 0 0 0 0 0 5 5 0 0 0 0 0 -5 0
-8 0 0 0 0 0 0 0 -1 0 0 -4 0 -4 0 0 0 0 0 2 0 0 1 0 0 0 0 0 0 0 0 0 0 0 0 0 0 0 0 0 0 0 0 0 0 0 0 0 0 0 2 0 0 0 0 -1 -1 0 0 0 -5 -4 0 0 0 1 0 0 0 0 0 0 0 0 0 -3 0 0 0 0 0 0 0 0 0 0 0 0 0 0 0 0 0 0 0 -2 0 0 0
-9 0 0 0 0 0 0 0 0 3 0 0 0 0 0 2 0 0 0 0 3 0 2 0 0 0 0 -1 0 0 0 0 0 0 0 0 0 0 0 0 0 0 0 0 0 0 1 3 0 0 0 0 0 0 0 0 0 0 1 0 0 0 0 0 0 0 0 0 0 0 0 0 0 0 0 -2 3 2 0 0 0 0 3 0 0 -3 0 0 0 0 0 0 0 0 0 3 0 4
-6 0 3 -2 0 0 0 0 -1 0 0 0 -2 0 -4 0 4 0 0 0 0 0 0 0 -5 -3 0 0 0 5 0 0 0 0 -4 0 0 0 0 0 0 0 -5 0 0 0 2 0 0 0 0 0 4 -3 0 0 1 3 0 2 0 0 -2 0 0 0 0 3 4 4 5 0 0 2 -5 0 0 0 0 0 0 0 0 0 0 0 1 0 -4 0 0 -3 3 0 0 0 0
8 0 -4 0 4 0 0 0 0 0 0 0 0 0 2 0 1 0 -5 0 -3 0 0 0 0 0 3 0 0 0 0 0 4 0 0 0 0 0 0 -1 -3 0 0 0 0 0 0 0 0 0 3 0 0 0 0 0 0 0 0 0 0 0 0 0 -1 0 0 0 0 0 0 -1 0 0 0 0 0 0 0 2 0 0 0 0 0 0 0 0 0 -1 -2 0 0 0 4 0
-8 0 0 0 -5 0 0 0 0 0 0 0 0 0 0 0 0 0 -1 0 0 -1 0 0 0 0 0 0 -2 0 0 0 0 0 0 0 0 0 0 0 0 0 -4 0 0 0 -3 0 0 0 0 0 0 0 0 0 0 0 0 0 2 -4 1 0 0 0 0 -3 0 0 0 0 0 2 0 0 0 0 4 0 0 1 -1 0 0 0 0 0 0 1 0 0 0 0 0
1 0 0 0 1 0 0 0 0 -4 0 0 0 -5 0 0 0 -3 0 1 0 0 0 0 0 0 0 5 5 0 0 -4 0 0 0 0 0 -4 -3 0 -1 0 0 0 3 0 0 0 0 0 5 0 0 0 -3 0 0 0 0 0 -1 0 1 0 0 0 0 0 0 0 0 0 0 0 0 0 3 0 0 0 1 0 0 0 0 0 0 1 0 -2 1 0 0 0
5 5 0 -2 3 0 0 0 0 0 0 0 0 0 -3 0 0 0 1 0 3 0 0 0 0 0 0 0 0 -1 0 0 0 0 0 0 0 0 0 0 0 0 0 0 0 0 0 0 0 0 0 0 2 0 0 0 0 -2 0 1 0 0 0 0 0 0 0 0 0 0 0 0 0 0 0 0 1 0 -5 0 -1 0 0 0 -1 0 1 0 0 0 0 1 0
-8 0 0 0 0 0 0 0 0 0 0 -1 0 -2 0 0 0 5 0 0 0 0 0 0 0 0 0 0 0 0 -3 0 0 0 0 1 0 0 0 0 0 0 0 2 3 0 0 0 0 0 0 0 0 0 0 0 0 0 0 0 0 0 0 0 0 0 4 0 0 0 4 -3 0 0 0 0 0 0 0 0 0 0 1 0 0 0 0 0 0 0 -3 0
4 0 0 0 0 0 0 0 0 0 0 0 0 0 0 0 0 0 0 0 0 0 1 0 0 -1 0 0 -4 1 0 -1 0 0 0 0 0 0 0 0 0 0 0 0 0 0 0 -1 0 -1 0 0 0 0 0 0 0 0 4 0 -1 0 0 0 0 0 0 0 0 0 0 0 0 0 0 0 0 0 0 0 0 0 0 0 0 0 5 0 0 0 0
4 0 0 0 0 0 2 0 0 0 0 0 0 0 0 0 0 0 0 0 1 0 0 0 0 0 0 0 0 0 0 0 -4 1 0 0 0 0 4 0 0 0 5 -4 0 0 -2 0 0 0 0 0 0 0 0 0 0 0 0 0 0 0 0 0 0 -2 0 0 -4 0 0 0 0 0 0 0 0 0 -1 0 0 -3 0 0 0 0 0 0 0 2
4 -1 0 -1 0 0 0 0 0 0 0 0 -5 0 0 0 0 0 0 4 0 0 0 0 0 0 0 0 0 0 -3 0 0 0 0 0 0 0 0 0 0 0 0 0 0 0 0 3 0 0 0 0 0 0 0 0 -1 5 0 0 -2 -2 0 0 0 0 0 3 0 0 -1 0 0 0 0 -4 0 0 0 0 0 -4 0 0 0 -5 2 0 0
1 0 -3 0 0 0 0 0 0 0 0 0 0 0 -3 -4 0 5 1 -1 0 0 4 0 0 -3 0 3 0 0 0 0 0 2 0 0 0 0 0 0 0 0 0 0 0 0 0 0 1 0 0 0 0 0 0 0 -3 0 0 0 -1 0 5 0 1 0 0 0 0 0 3 0 0 0 0 0 5 0 1 -4 0 0 0 0 0 5 0 0
9 0 0 4 0 0 0 0 0 0 0 0 0 0 0 0 0 0 0 -4 -3 1 0 0 0 1 0 0 0 0 0 0 0 0 -1 0 0 3 0 0 0 3 0 -5 0 -1 0 0 0 0 0 0 0 3 0 -4 0 0 5 0 2 0 0 0 0 0 0 0 0 0 0 0 0 0 0 0 -1 -1 0 0 0 0 0 2 -1 0 0
5 0 0 0 0 3 0 0 0 0 0 0 0 0 0 0 -2 3 0 0 0 0 0 0 0 -1 0 1 0 0 2 0 0 0 0 4 0 0 0 0 0 0 5 0 0 0 0 1 0 0 0 0 0 0 0 5 0 0 -5 0 0 0 0 4 0 0 5 0 2 0 0 0 0 0 0 0 0 0 0 0 0 0 0 4 0 0
6 -4 -1 0 -3 4 0 0 0 0 0 -2 0 0 0 2 -2 0 0 0 0 5 0 0 0 0 0 5 0 2 0 0 -2 0 5 0 0 0 0 0 2 0 -1 0 0 0 0 0 0 0 0 0 0 0 0 0 0 0 0 0 -1 0 0 0 0 0 0 4 0 0 3 0 0 0 0 0 0 0 0 0 0 0 0 0 0
-8 0 -1 0 0 0 0 0 0 0 -1 0 0 -5 0 3 1 -1 -5 0 0 0 0 0 -4 0 0 0 0 0 0 0 0 0 0 0 0 0 0 0 0 0 0 0 0 0 0 0 0 0 0 0 0 0 0 2 0 0 0 0 0 -2 0 0 0 0 0 0 -5 0 0 -4 0 0 0 0 0 0 0 0 0 0 1 1
7 0 0 2 0 0 0 0 0 0 0 0 0 0 0 0 0 1 0 0 0 0 0 0 0 0 0 0 0 0 0 0 0 0 0 0 0 0 0 0 0 0 0 1 0 -1 0 0 0 0 0 0 0 0 1 0 0 0 -4 0 2 0 0 0 0 0 0 0 0 0 0 0 -2 0 0 0 0 0 0 0 0 0 0
-8 0 0 0 -5 0 0 0 0 0 3 2 0 0 0 0 0 1 2 0 0 0 0 0 -2 0 0 1 -2 5 -4 0 0 0 0 0 0 -5 0 3 0 -3 0 0 0 3 5 -2 0 0 0 0 0 0 0 1 0 0 0 0 0 -1 -3 0 4 0 0 0 0 0 0 0 0 0 0 -1 0 0 0 0 0 0
7 0 0 0 0 0 1 0 0 0 -5 0 0 0 0 0 -1 0 0 0 3 0 0 0 -4 0 0 0 0 0 0 1 3 0 0 0 0 0 4 0 4 0 0 0 0 0 0 0 0 0 0 0 0 0 0 0 0 -1 0 0 0 0 0 1 0 0 0 0 0 4 0 1 0 4 3 0 0 0 -5 -1 0
-4 0 0 0 0 5 0 0 2 0 2 2 0 0 0 0 0 1 2 0 0 0 0 0 0 0 0 0 0 0 0 0 0 3 0 0 0 5 0 0 0 0 0 3 0 0 0 -3 0 0 0 0 0 4 0 0 0 0 0 -5 0 0 0 0 0 1 0 0 -4 0 3 0 0 0 0 -1 0 0 0 0
4 -5 -2 3 1 0 -1 -4 0 0 0 -5 0 0 0 0 0 0 0 0 0 0 0 0 0 0 2 0 0 0 0 0 0 0 0 0 0 0 2 0 1 0 5 0 0 -1 0 0 0 0 0 0 0 0 0 -3 0 0 0 0 0 3 0 0 0 0 0 -1 0 0 0 0 0 0 0 0 0 0 0
8 0 0 0 0 -4 0 0 1 0 0 0 2 0 0 0 -1 0 0 0 0 0 0 0 0 0 0 0 0 0 5 0 -3 0 2 0 -4 0 0 4 0 0 0 4 0 0 3 0 0 0 0 0 0 -3 5 0 0 0 0 0 0 0 2 5 0 0 0 0 0 0 0 0 -4 4 0 0 0 0
2 0 0 0 0 0 0 2 0 0 0 -2 2 -1 0 0 0 0 0 0 0 0 0 0 -5 -1 0 0 0 0 0 0 0 0 -2 0 0 0 0 -4 0 0 0 0 0 0 -2 2 0 0 0 0 0 0 0 0 0 0 0 0 0 -3 -4 0 0 0 -3 -2 0 0 0 0 0 -2 0 1 0
4 0 -5 0 3 0 0 0 0 -3 0 0 0 -4 0 0 0 0 0 0 0 0 0 0 0 -4 0 0 0 0 1 0 0 0 0 -5 0 0 0 5 0 0 0 0 0 -1 -4 0 0 0 0 2 0 0 1 0 4 0 0 -3 0 0 1 0 0 0 0 3 3 0 0 4 -5 0 0 0
2 -1 0 -5 0 4 -1 0 0 0 0 0 0 0 2 0 0 -1 0 0 0 0 0 0 0 0 0 0 0 -1 0 0 0 0 2 0 0 1 0 0 0 0 0 0 0 0 0 0 0 0 0 0 0 0 0 0 0 0 0 0 0 0 0 -3 0 0 0 0 0 0 0 0 0 0 0
10 0 -1 0 3 1 0 0 -2 0 0 -3 0 0 0 0 0 0 0 0 0 0 0 0 0 0 0 -4 -3 0 0 -3 0 0 0 0 0 0 3 0 0 0 0 0 0 -4 0 0 0 -4 0 0 0 5 0 0 0 0 1 0 0 0 0 0 0 0 0 0 0 0 0 0 0 0
8 0 0 0 -2 5 1 0 0 0 2 0 -4 0 0 0 0 0 0 0 0 0 0 0 0 0 -1 1 0 0 0 -1 0 0 0 0 0 0 0 0 4 0 0 0 0 -1 0 0 0 0 0 0 0 0 0 -4 -3 0 4 0 1 5 0 0 3 -1 0 0 0 0 0 0 0
-7 0 0 0 0 0 0 5 1 -1 0 0 0 0 0 0 0 0 0 0 0 0 0 -4 0 0 0 0 0 0 0 -2 0 0 0 -1 0 -3 3 -1 0 0 0 0 0 2 0 0 0 1 -3 0 -3 0 0 -1 0 0 -5 0 0 -3 4 0 0 0 0 0 0 0 0 0
4 0 0 0 4 0 -2 0 0 0 0 -5 -2 0 0 0 0 0 4 2 0 0 -2 0 0 0 0 0 0 0 0 0 0 0 0 0 0 -4 -4 0 3 -4 0 0 0 -1 0 0 0 3 0 0 -1 0 -1 3 0 0 0 0 0 0 1 0 0 0 0 0 0 0 0
-5 0 0 0 0 0 0 0 0 0 0 5 0 0 4 0 0 0 0 0 0 0 0 0 0 0 0 0 0 0 0 0 1 0 -2 -5 0 0 0 0 0 0 0 0 0 0 0 0 -1 0 5 0 0 1 0 -1 0 0 0 0 0 0 -4 0 1 0 0 0 0 1
-3 0 0 0 0 0 0 4 0 0 0 0 0 0 0 0 0 0 -1 0 0 0 0 0 3 0 2 0 0 0 0 4 0 -3 0 1 0 0 0 0 0 0 0 4 0 0 0 0 0 -2 0 -4 0 0 0 0 0 0 0 0 0 3 -1 0 -4 0 0 0 4
1 0 0 0 1 0 -1 0 0 0 0 0 0 0 -4 5 0 0 0 0 0 -2 -1 0 0 3 -1 3 0 0 -1 0 0 0 -1 1 0 0 0 4 0 0 0 0 0 0 0 0 5 0 0 0 0 0 0 0 0 0 2 0 0 0 0 -4 0 1 0 0
-4 -1 3 0 5 0 0 0 0 0 -2 4 0 0 0 0 0 0 0 -5 0 0 0 0 0 0 0 4 0 0 0 -5 0 0 0 0 0 0 0 0 0 0 0 0 0 0 0 0 -2 0 0 0 0 -5 0 -2 0 0 0 0 -1 0 0 0 0 0 0
-9 0 0 0 1 0 5 0 0 0 0 0 0 -3 -4 0 0 0 0 0 0 0 -1 0 0 -3 -1 0 1 0 0 0 0 0 0 0 0 0 0 -3 0 0 0 -4 0 0 4 0 0 0 -3 0 0 0 0 0 3 0 0 0 0 0 0 0 0 0
3 0 0 0 4 0 0 0 0 0 0 0 0 0 0 0 -5 -2 0 0 0 -1 -5 0 0 0 0 -4 0 0 0 0 0 0 0 0 0 0 0 0 -1 0 0 4 0 0 0 0 0 0 0 0 0 0 2 0 0 0 0 0 0 0 0 4 0
1 0 0 0 0 -3 0 0 0 1 0 0 0 0 0 0 0 0 0 0 3 0 -3 0 0 0 0 0 0 0 0 -2 0 0 0 0 0 0 1 0 0 0 0 0 0 -4 0 0 0 0 0 0 0 0 0 0 0 5 0 0 0 -1 3 0
1 0 0 0 0 0 4 0 0 0 0 0 0 0 0 0 0 0 0 0 0 -2 0 0 0 0 0 0 0 0 0 0 -3 0 0 0 5 0 0 0 0 0 0 0 0 0 0 0 -2 0 0 0 0 0 -2 -5 0 -2 0 0 0 0 0
-8 0 0 -3 -3 0 0 0 0 0 0 0 -4 -4 5 4 0 -1 -2 0 0 0 0 -5 0 0 -1 0 0 3 0 0 0 0 0 0 -2 0 0 0 0 0 3 0 0 0 0 0 5 0 0 0 -3 0 -4 0 0 0 0 0 0 -1
-8 -2 0 0 0 4 0 0 0 0 4 0 0 0 0 1 -3 0 0 2 0 0 0 0 0 0 0 0 0 0 0 0 0 0 0 0 4 0 0 0 0 0 0 1 0 0 0 0 0 1 0 0 0 0 0 0 0 0 0 0 0
-2 0 0 0 0 -1 -1 0 0 0 0 0 2 -3 0 0 -3 0 4 0 0 1 0 0 0 0 -1 0 0 4 0 0 0 -2 0 0 5 0 0 0 -4 0 0 0 0 -1 0 0 0 0 0 0 0 0 0 0 0 0 0 0
-7 0 0 0 -5 0 0 0 -5 0 2 0 4 0 3 0 0 0 4 0 0 0 0 -1 -1 0 0 -1 -5 0 0 0 0 1 0 4 0 0 0 0 0 0 0 0 0 0 3 0 0 0 0 -2 0 -5 0 0 0 0 0
-4 1 0 0 0 0 0 0 0 0 0 0 0 0 0 0 0 0 0 0 0 0 0 0 0 4 -1 0 0 0 0 0 0 0 2 0 0 0 1 0 0 0 0 0 3 0 0 4 0 0 1 -3 0 0 -4 0 0 0
-6 0 0 1 0 5 0 0 0 0 0 0 0 5 0 0 0 -4 0 0 0 0 0 0 -4 1 0 -1 0 0 0 0 0 0 -3 1 0 0 -2 0 0 0 0 0 -4 0 0 0 0 -3 0 0 0 0 0 0 0
-1 0 0 0 0 0 0 0 -3 4 0 0 0 0 5 5 3 0 0 0 0 0 4 0 0 0 0 0 0 0 0 0 -3 0 -3 0 3 0 0 0 0 0 0 0 0 -2 0 0 0 1 0 0 0 5 0 0
10 0 0 0 0 -1 0 0 0 0 0 0 0 0 0 0 0 0 -5 0 0 0 0 0 0 0 0 0 0 0 0 0 0 0 0 0 0 -1 0 0 0 0 0 0 0 0 3 0 0 0 0 0 0 0 0
7 0 0 0 0 0 0 -3 0 0 0 0 0 0 -1 0 4 0 0 0 0 0 0 0 0 0 0 0 0 3 0 0 0 0 0 0 0 0 0 0 3 0 0 0 0 0 0 0 0 0 0 0 0 0
4 0 0 0 0 0 0 0 0 0 0 0 0 0 0 0 -1 0 0 -1 0 0 3 5 0 0 0 0 0 0 0 -1 0 0 0 -4 0 0 0 0 0 0 0 0 -5 -3 0 -2 0 0 0 0 0
3 0 -1 0 0 -4 0 0 0 0 0 4 0 0 2 -1 2 0 0 0 0 0 0 0 0 0 0 3 0 -3 -2 0 0 0 0 0 2 0 0 0 0 -1 0 0 0 0 0 0 0 0 0 0
1 0 1 4 0 0 0 0 5 -1 0 0 5 0 0 0 0 0 -2 0 -1 0 0 0 0 0 0 0 0 0 0 0 0 0 0 -2 0 0 0 0 0 0 0 0 5 0 0 0 0 0 0
-8 0 0 0 0 0 0 0 5 0 0 0 0 0 1 0 0 0 0 0 0 0 0 -4 0 0 0 3 0 0 -5 -3 -2 0 -2 0 0 0 0 0 0 0 0 -1 0 0 0 0 0 0
-1 0 -5 0 4 0 2 0 1 0 0 0 0 0 0 0 0 0 0 2 0 1 0 0 0 0 0 0 0 0 0 -4 1 -5 0 1 0 0 0 4 0 0 0 -4 0 0 1 0 -1
7 0 0 0 0 0 0 0 0 0 0 5 -5 0 1 0 0 0 3 0 0 0 0 0 0 0 0 0 0 0 2 0 0 4 1 0 0 0 0 4 0 0 0 0 0 -4 0 0
2 0 0 0 0 0 0 -5 0 -4 0 0 0 2 0 0 -3 0 0 0 -1 0 0 0 -3 0 0 0 0 0 0 0 0 0 0 0 4 0 5 0 0 3 0 4 0 0 4
-7 0 0 0 0 0 -5 0 0 -4 0 0 0 -4 0 -4 0 0 0 -3 0 0 0 0 0 0 3 0 -4 0 1 0 0 0 0 0 5 0 -5 0 -4 0 0 0 -1 0
3 0 0 1 3 4 0 0 0 0 0 -1 0 0 0 0 0 0 0 0 -1 4 0 0 0 2 0 0 0 0 0 0 0 -3 1 0 0 0 0 0 0 0 0 0 0
-1 0 0 0 0 0 0 2 0 0 0 0 0 0 0 0 0 0 0 0 -5 0 0 0 0 -2 0 -1 0 -1 0 0 0 3 0 1 0 3 -1 0 0 -1 1 0
-9 0 0 0 2 0 2 0 -1 0 0 0 0 0 0 0 -5 0 0 0 2 0 0 0 0 0 0 -2 0 0 0 0 3 0 0 0 0 0 0 -2 0 0 0
-3 0 0 0 0 0 0 -3 0 0 0 0 0 0 0 0 1 0 1 0 0 0 0 0 0 0 -5 0 0 3 0 0 -3 0 0 0 2 0 0 0 0 0
-3 -1 0 0 0 0 0 2 0 0 0 0 0 0 0 0 0 -1 4 0 0 0 0 -5 0 0 -2 0 0 -3 0 4 1 0 3 3 0 0 -4 0 5
10 0 0 0 0 0 0 -1 0 -4 0 0 0 0 0 0 0 0 -2 0 0 -2 3 0 0 0 0 0 0 0 0 -1 0 0 0 0 0 1 0 0
-3 0 0 0 0 0 0 0 0 0 0 0 0 0 0 5 0 0 0 0 0 0 1 0 0 0 0 0 0 5 -3 0 0 0 0 0 0 0 3
4 5 0 0 0 0 0 0 0 2 0 0 0 0 0 0 1 0 0 2 0 0 0 0 0 0 0 0 0 -4 0 0 0 0 0 0 0 0
-2 0 0 -1 0 0 -3 0 0 0 0 0 5 0 0 0 0 0 -2 5 5 -4 0 5 0 0 0 0 0 0 0 0 0 1 0 0 0
1 0 0 0 0 -2 0 0 0 0 0 3 0 0 -4 0 0 0 0 0 0 0 5 0 -1 0 0 0 0 4 0 -1 0 0 0 0
-1 -1 1 1 0 0 0 0 0 0 0 0 0 0 0 0 -4 4 1 0 0 0 0 0 0 0 0 0 0 0 0 0 0 0 0
6 0 0 0 -4 0 0 1 0 0 0 0 0 0 5 2 5 0 0 0 0 0 4 0 0 0 0 0 0 0 0 0 0 0
-4 0 0 0 -1 0 0 -1 0 0 0 -2 -3 0 0 0 0 0 0 0 0 0 0 0 0 5 0 0 0 0 0 0 0
-9 0 0 0 0 -2 -1 0 0 0 0 -2 -2 0 0 0 0 0 0 1 0 0 0 0 0 0 -1 0 0 0 4 0
-5 0 0 0 0 3 0 0 0 0 -4 0 0 0 0 0 0 0 0 0 0 0 3 0 0 0 0 0 3 0 0
-1 0 0 0 0 0 0 0 0 0 0 0 4 -2 0 0 0 -2 0 -3 0 4 0 0 0 1 0 1 0 1
-8 0 5 -3 5 0 0 0 0 0 0 0 -3 0 0 0 0 0 0 0 2 0 0 0 0 4 0 -5 5
-3 0 0 0 0 0 0 0 0 0 0 0 0 0 0 0 0 0 0 1 0 0 0 0 0 0 0 0
-1 0 0 -4 0 0 0 0 0 0 0 0 0 0 0 0 -2 0 0 0 0 0 0 1 0 0 0
-7 0 0 0 0 -3 0 -4 5 4 0 0 0 0 0 0 0 0 -2 2 0 -3 0 0 0 0
-9 -3 0 -1 0 0 0 -2 0 0 0 0 0 0 0 0 0 0 0 0 0 0 0 0 0
6 0 1 0 0 0 0 0 0 0 0 0 0 -1 0 4 0 1 0 0 0 0 0 0
4 0 3 0 0 0 0 0 0 0 0 0 1 0 1 0 0 0 0 0 0 0 0
-8 0 0 0 0 0 0 0 0 0 3 0 0 0 -1 0 0 0 -5 0 0 0
7 0 0 0 -5 0 0 3 -1 0 0 0 0 1 0 0 0 0 0 0 0
-7 0 0 0 5 0 2 0 0 0 0 0 0 0 0 0 -3 0 0 0
-1 0 0 0 0 0 0 -1 -1 0 0 0 0 0 0 0 0 0 0
-3 0 0 3 0 0 0 0 0 0 0 5 -1 0 -4 0 0 0
-9 0 1 0 0 0 0 0 0 0 0 0 0 1 0 0 0
-4 0 0 0 0 3 3 2 0 0 1 0 0 0 0 0
-1 0 0 -3 0 0 0 0 -3 1 0 0 0 0 0
-1 0 5 0 -2 0 0 0 1 -5 0 0 0 0
9 0 0 0 0 0 0 0 0 0 0 0 0
7 0 0 0 0 0 0 0 1 0 5 0
5 0 0 0 -5 0 -4 0 0 0 0
-8 0 0 0 0 0 4 0 0 0
-6 1 0 0 2 0 0 0 0
-6 0 0 5 0 0 4 0
-8 1 0 -4 0 0 0
9 0 0 0 0 -5
7 0 0 0 0
2 0 0 -1
-8 0 0
-5 0
10
