25
3 6 3 3 7 6 7 7 4 6 3 5 3 3 7 6 3 7 4 5 6 6 5 4 6
1 2 3
2 3 4 5 6 7
3 4 5
4 5 6
5 6 7 8 9 10 11
6 7 8 9 10 11
7 8 9 10 11 12 13
8 9 10 11 12 13 14
9 10 11 12
10 11 12 13 14 15
11 12 13
12 13 14 15 16
13 14 15
14 15 16
15 16 17 18 19 20 21
16 17 18 19 20 21
17 18 19
18 19 20 21 22 23 24
19 20 21 22
20 21 22 23 24
1 21 22 23 24 25
1 2 22 23 24 25
1 2 23 24 25
1 2 24 25
1 2 3 4 5 25
-10 0 0 0 0 0 3 0 0 0 0 0 0 0 0 0 0 0 0 0 0 0 0 0 0
1 0 0 0 -3 -5 0 0 0 0 0 0 -4 0 0 0 5 -2 -1 0 0 0 0 0
8 0 0 0 0 0 0 0 0 -4 2 0 0 0 0 0 4 5 0 -3 1 0 0
6 0 0 3 0 0 0 0 0 0 -3 0 0 -2 -3 0 0 0 0 0 2 0
8 0 -4 0 0 0 0 0 -2 0 0 0 0 -1 0 0 0 -1 -5 0 0
-2 0 0 0 4 0 0 0 -5 0 0 0 0 0 0 0 0 0 4 0
1 0 0 3 1 0 0 0 0 0 0 0 0 0 0 0 0 0 0
7 -3 0 0 0 0 3 0 -4 1 0 0 -3 0 0 0 0 -4
6 0 0 0 5 0 0 0 0 0 0 0 1 0 2 2 0
7 0 -3 0 0 0 0 0 4 0 0 0 0 0 0 0
-7 0 2 1 0 0 0 0 0 0 0 0 2 0 0
-2 0 -2 0 0 0 0 5 0 0 -2 0 0 0
2 0 0 0 0 4 0 -4 0 1 0 0 0
-4 4 0 0 0 0 0 0 0 0 2 0
-9 0 -2 0 0 0 0 0 0 -4 0
-3 -1 1 1 0 5 0 0 0 0
9 0 0 0 0 0 0 -4 0
4 0 0 0 0 0 0 1
-6 0 2 0 4 0 0
-1 0 0 0 -1 0
5 0 0 0 0
9 0 0 -5
-1 0 0
7 0
10
