100
6 12 15 11 9 5 10 12 10 6 12 14 9 11 12 9 12 6 12 6 8 6 12 13 12 6 7 10 9 11 10 6 8 8 12 6 6 15 5 9 12 6 12 14 12 11 13 12 5 9 5 10 12 14 10 7 6 14 6 15 12 10 7 5 9 6 7 9 6 6 8 15 11 9 10 14 13 8 5 8 15 5 11 7 6 11 11 9 10 10 6 8 11 7 11 8 13 11 5 14
1 2 3 4 5 6
2 3 4 5 6 7 8 9 10 11 12 13
3 4 5 6 7 8 9 10 11 12 13 14 15 16 17
4 5 6 7 8 9 10 11 12 13 14
5 6 7 8 9 10 11 12 13
6 7 8 9 10
7 8 9 10 11 12 13 14 15 16
8 9 10 11 12 13 14 15 16 17 18 19
9 10 11 12 13 14 15 16 17 18
10 11 12 13 14 15
11 12 13 14 15 16 17 18 19 20 21 22
12 13 14 15 16 17 18 19 20 21 22 23 24 25
13 14 15 16 17 18 19 20 21
14 15 16 17 18 19 20 21 22 23 24
15 16 17 18 19 20 21 22 23 24 25 26
16 17 18 19 20 21 22 23 24
17 18 19 20 21 22 23 24 25 26 27 28
18 19 20 21 22 23
19 20 21 22 23 24 25 26 27 28 29 30
20 21 22 23 24 25
21 22 23 24 25 26 27 28
22 23 24 25 26 27
23 24 25 26 27 28 29 30 31 32 33 34
24 25 26 27 28 29 30 31 32 33 34 35 36
25 26 27 28 29 30 31 32 33 34 35 36
26 27 28 29 30 31
27 28 29 30 31 32 33
28 29 30 31 32 33 34 35 36 37
29 30 31 32 33 34 35 36 37
30 31 32 33 34 35 36 37 38 39 40
31 32 33 34 35 36 37 38 39 40
32 33 34 35 36 37
33 34 35 36 37 38 39 40
34 35 36 37 38 39 40 41
35 36 37 38 39 40 41 42 43 44 45 46
36 37 38 39 40 41
37 38 39 40 41 42
38 39 40 41 42 43 44 45 46 47 48 49 50 51 52
39 40 41 42 43
40 41 42 43 44 45 46 47 48
41 42 43 44 45 46 47 48 49 50 51 52
42 43 44 45 46 47
43 44 45 46 47 48 49 50 51 52 53 54
44 45 46 47 48 49 50 51 52 53 54 55 56 57
45 46 47 48 49 50 51 52 53 54 55 56
46 47 48 49 50 51 52 53 54 55 56
47 48 49 50 51 52 53 54 55 56 57 58 59
48 49 50 51 52 53 54 55 56 57 58 59
49 50 51 52 53
50 51 52 53 54 55 56 57 58
51 52 53 54 55
52 53 54 55 56 57 58 59 60 61
53 54 55 56 57 58 59 60 61 62 63 64
54 55 56 57 58 59 60 61 62 63 64 65 66 67
55 56 57 58 59 60 61 62 63 64
56 57 58 59 60 61 62
57 58 59 60 61 62
58 59 60 61 62 63 64 65 66 67 68 69 70 71
59 60 61 62 63 64
60 61 62 63 64 65 66 67 68 69 70 71 72 73 74
61 62 63 64 65 66 67 68 69 70 71 72
62 63 64 65 66 67 68 69 70 71
63 64 65 66 67 68 69
64 65 66 67 68
65 66 67 68 69 70 71 72 73
66 67 68 69 70 71
67 68 69 70 71 72 73
68 69 70 71 72 73 74 75 76
69 70 71 72 73 74
70 71 72 73 74 75
71 72 73 74 75 76 77 78
72 73 74 75 76 77 78 79 80 81 82 83 84 85 86
73 74 75 76 77 78 79 80 81 82 83
74 75 76 77 78 79 80 81 82
75 76 77 78 79 80 81 82 83 84
76 77 78 79 80 81 82 83 84 85 86 87 88 89
77 78 79 80 81 82 83 84 85 86 87 88 89
78 79 80 81 82 83 84 85
79 80 81 82 83
80 81 82 83 84 85 86 87
81 82 83 84 85 86 87 88 89 90 91 92 93 94 95
82 83 84 85 86
83 84 85 86 87 88 89 90 91 92 93
84 85 86 87 88 89 90
85 86 87 88 89 90
86 87 88 89 90 91 92 93 94 95 96
87 88 89 90 91 92 93 94 95 96 97
88 89 90 91 92 93 94 95 96
89 90 91 92 93 94 95 96 97 98
90 91 92 93 94 95 96 97 98 99
91 92 93 94 95 96
92 93 94 95 96 97 98 99
1 2 3 93 94 95 96 97 98 99 100
94 95 96 97 98 99 100
1 2 3 4 5 95 96 97 98 99 100
1 2 3 96 97 98 99 100
1 2 3 4 5 6 7 8 9 97 98 99 100
1 2 3 4 5 6 7 8 98 99 100
1 2 3 99 100
1 2 3 4 5 6 7 8 9 10 11 12 13 100
3 -5 0 0 0 0 0 0 0 0 -3 0 0 0 0 0 0 0 -1 0 0 0 -2 0 0 0 0 0 0 0 0 0 0 0 -1 0 0 0 0 0 2 0 0 -1 0 0 0 0 0 0 0 3 1 0 1 0 0 0 0 0 -1 0 5 0 0 -1 0 1 3 -2 0 2 0 0 0 0 0 0 0 3 0 0 -3 0 0 0 0 4 0 0 0 0 0 0 0 0 0 0 -4 0
5 0 2 -5 0 0 5 0 0 -5 0 0 -4 -4 0 0 -3 0 0 0 0 0 0 0 0 0 0 0 5 0 0 -3 0 0 -1 0 0 -5 0 0 0 0 0 0 0 0 -2 0 0 0 0 1 0 0 0 0 0 0 -3 0 5 0 0 0 0 1 0 0 0 0 0 0 5 0 -4 0 5 1 0 0 0 -3 -3 0 0 -5 0 0 0 0 0 0 -1 0 0 0 0 4 0
-7 0 0 0 0 0 0 0 0 0 -5 0 0 0 0 -3 0 1 0 0 0 0 0 -3 0 0 0 0 0 0 0 0 0 0 0 0 0 0 0 -1 0 0 0 0 0 0 4 -4 0 0 0 0 0 0 0 0 0 0 0 0 0 0 0 0 0 5 0 0 0 0 0 -3 2 0 0 0 0 0 0 0 3 0 4 0 0 0 1 0 0 0 1 0 0 0 0 -2 0 0
-1 0 0 -3 2 1 0 0 0 0 -4 4 0 0 0 0 0 5 0 0 0 0 0 0 0 0 0 0 0 0 0 0 -2 0 -4 0 0 0 0 0 -5 -5 0 0 -4 0 0 0 0 0 0 0 0 4 2 0 0 0 0 0 0 0 0 0 0 0 0 0 0 0 1 0 0 -3 0 5 2 0 0 0 0 0 1 -5 1 0 0 3 2 0 0 0 0 0 0 0 0
7 0 0 0 0 -4 3 0 0 4 0 0 0 0 0 0 0 0 -4 -3 0 5 0 0 2 0 0 0 0 0 0 -3 5 0 0 -3 -5 0 0 0 0 0 0 0 0 0 4 0 0 0 -1 0 0 0 2 0 -1 0 -3 0 0 0 0 0 0 0 0 -3 0 -3 0 0 0 -4 0 -4 0 0 0 0 0 2 0 0 0 0 0 -1 0 0 0 0 0 0 0 0
1 0 0 0 -2 0 0 0 0 0 0 0 2 5 0 0 0 0 0 0 0 0 0 -3 0 0 0 0 0 4 0 0 0 0 0 0 0 -1 0 0 -2 0 0 -2 -1 0 0 0 0 -1 0 0 0 0 0 0 1 0 0 0 0 0 0 0 0 0 0 0 3 0 0 0 0 0 2 0 0 0 -3 0 0 0 0 -4 0 0 0 0 0 0 0 0 0 0 0
-1 0 0 0 0 -3 0 0 -2 0 1 0 0 0 0 -5 0 0 0 -2 4 -1 0 0 0 2 -1 0 0 0 0 0 0 0 0 0 0 0 0 0 0 0 0 0 0 -1 0 0 -5 0 0 0 -1 0 0 0 0 0 -1 0 0 2 -1 0 4 0 0 -3 0 0 0 5 0 0 -5 0 0 0 0 0 0 -3 0 4 -1 0 3 0 -4 0 -3 0 0 1
-7 0 3 -5 0 -3 1 0 0 4 1 0 0 0 0 0 0 0 0 4 -3 0 0 0 0 -2 0 0 -3 0 0 0 0 0 0 0 1 0 0 -4 0 0 0 0 1 -5 0 0 -1 0 0 0 -3 2 0 0 0 0 0 0 0 2 0 0 0 0 0 0 0 0 0 0 0 0 0 0 4 0 0 -5 5 0 -1 0 0 3 0 -1 0 0 0 0 0
-2 0 0 0 -2 0 0 0 0 -2 0 0 0 0 0 0 0 0 0 0 0 0 0 -5 0 3 1 0 0 -5 0 0 2 0 0 0 0 -4 0 0 0 0 0 0 0 0 0 0 0 0 5 0 0 0 0 0 0 -2 0 0 0 -3 0 0 0 0 0 0 0 0 0 0 -3 0 0 -5 -1 0 0 0 0 0 -1 0 0 0 0 0 0 0 0 -5
-6 0 0 4 1 0 0 0 0 0 0 0 0 0 0 0 0 0 -4 0 0 0 0 0 0 0 0 0 0 0 0 0 0 2 -3 0 0 0 0 0 0 0 -4 0 0 0 0 4 -5 3 0 0 0 0 0 -2 0 -5 -1 0 0 0 0 0 -5 0 0 0 0 0 0 0 0 0 0 0 0 1 -2 0 0 0 0 5 0 5 0 0 1 0 0
8 0 0 0 -1 0 0 0 0 0 0 0 0 0 5 0 0 0 0 0 0 0 0 0 0 0 0 3 0 0 0 0 -3 0 0 0 0 0 1 -4 0 4 -4 2 0 0 0 3 0 1 0 0 0 0 -1 0 4 0 0 0 0 0 0 0 4 0 0 0 0 0 0 1 0 0 0 -2 0 0 1 0 0 0 0 4 5 0 0 0 0 0
8 0 0 -1 0 0 0 5 0 0 0 0 -2 0 0 0 -3 0 1 0 -4 0 0 0 5 0 0 0 0 0 2 0 0 0 0 1 0 0 0 0 0 -1 0 0 0 0 0 5 0 0 0 0 0 -3 0 0 0 0 0 0 0 0 0 4 0 0 0 0 0 5 0 0 0 0 0 -2 0 -2 -5 0 0 0 0 0 0 0 0 0 0
6 0 -5 -1 0 0 0 0 0 0 0 3 0 0 0 3 0 5 0 0 0 -1 -5 0 0 2 0 0 0 0 0 0 0 0 0 4 0 0 0 -1 0 0 0 0 0 0 0 0 0 0 -2 0 0 0 0 0 0 0 0 0 0 2 -1 -1 0 0 0 0 1 0 3 -5 0 0 0 0 0 1 0 3 -1 -5 0 0 0 0 0 0
-10 0 0 5 0 0 4 0 0 0 0 0 2 -1 0 0 0 0 -1 0 2 0 0 0 0 0 0 0 0 1 0 0 0 0 0 0 0 0 1 0 0 -1 0 0 0 0 0 0 0 0 4 1 0 0 0 3 0 0 0 0 0 0 1 0 0 0 0 0 0 0 0 0 0 0 0 0 0 0 0 0 -2 0 0 0 0 0 0
-3 2 0 0 0 0 0 0 -1 -5 0 0 0 0 0 0 0 0 0 0 -4 -4 0 0 0 0 0 0 0 0 0 0 0 0 0 0 0 0 0 0 0 0 5 0 0 -4 0 0 0 0 0 0 0 0 0 0 0 0 0 -4 0 0 0 0 0 0 0 0 0 0 0 0 0 0 0 0 -3 0 1 0 0 0 0 0 0 0
-8 0 0 0 0 0 0 0 0 0 0 0 5 1 0 0 0 0 0 0 0 0 0 0 0 0 0 0 0 0 1 0 0 0 0 -4 0 0 0 1 0 0 0 0 -2 0 0 0 0 0 0 0 0 0 1 0 -3 0 0 1 0 0 0 0 0 0 -5 0 0 0 0 0 0 0 0 0 0 0 0 0 0 0 1 0 0
5 0 0 0 -1 -1 2 0 0 0 0 -1 0 0 0 0 -2 0 0 0 0 -5 -3 0 1 0 0 0 0 0 0 0 -3 0 0 0 0 0 0 0 0 5 0 0 0 0 0 0 0 0 0 3 -3 0 -4 2 0 0 0 0 0 0 5 0 0 0 0 0 0 2 0 0 0 1 3 0 0 0 0 0 0 0 0 0
-1 -1 0 -2 0 0 0 0 5 0 0 0 0 -1 0 0 0 0 0 0 0 2 0 0 0 0 0 -4 0 -1 0 0 0 0 -5 0 3 0 0 0 0 0 -1 0 0 0 0 5 0 -2 0 0 3 -2 1 4 0 0 0 0 0 0 0 0 0 0 0 0 0 0 0 0 0 0 0 0 0 5 0 0 0 0 0
8 0 0 -3 0 0 0 0 2 0 0 0 0 -2 0 0 0 0 0 0 0 0 0 0 0 0 0 0 0 0 2 0 0 -5 0 0 0 0 -5 -3 -2 0 0 0 0 0 0 0 0 -1 0 0 0 0 1 0 -3 0 0 0 0 0 0 0 0 0 0 0 0 0 1 0 0 0 0 0 0 0 4 0 0 0
1 0 0 0 0 0 1 0 4 -5 0 0 0 0 0 0 0 0 3 3 0 0 0 1 0 0 0 0 0 4 0 0 -2 1 0 0 3 0 4 0 0 0 0 0 0 0 0 0 0 -1 0 -3 0 0 0 0 0 0 0 0 2 0 0 0 0 0 0 0 3 0 -4 1 0 0 0 0 0 0 1 0 0
1 0 0 0 4 0 0 0 0 0 0 -3 0 0 0 0 0 0 0 2 0 1 0 0 0 0 0 0 0 0 0 0 0 1 0 3 0 3 0 0 0 -3 0 0 0 0 1 0 -3 0 -3 0 0 0 0 5 0 0 0 0 0 0 -1 0 0 0 0 0 0 0 0 0 0 0 0 1 0 2 0 0
-8 0 0 0 0 0 0 0 0 0 0 0 -5 0 0 0 0 0 0 0 0 4 0 0 0 -2 -2 0 5 0 0 0 4 0 3 0 3 0 0 -1 0 -2 5 1 0 0 0 1 0 1 0 -2 1 0 0 -3 0 0 0 0 0 0 2 0 0 0 0 0 0 0 0 0 1 0 5 0 0 0 5
2 0 0 0 0 0 0 0 0 0 -4 0 4 3 0 -4 0 0 0 -3 0 0 0 1 0 0 0 0 0 0 0 0 0 0 0 0 4 0 0 0 0 0 1 0 0 4 0 1 0 0 0 0 0 0 0 0 3 0 0 0 3 0 0 0 0 2 0 0 0 0 -2 0 0 0 0 0 0 0
3 0 0 0 0 0 0 -1 0 0 0 -5 0 0 0 0 0 0 0 0 0 0 -1 0 0 0 0 -1 -2 -1 3 0 -3 -5 0 0 1 0 0 0 0 0 0 0 0 0 0 0 0 0 4 0 0 0 0 0 0 0 0 0 1 5 0 0 0 0 0 0 0 0 0 0 0 0 5 0 0
1 0 0 0 -1 0 0 0 0 0 0 4 0 0 0 5 4 0 0 0 5 0 -2 0 0 1 0 4 5 0 2 0 0 0 0 0 0 -4 0 3 0 0 1 1 0 0 0 0 0 0 0 0 4 0 0 0 0 0 0 1 0 0 0 3 0 0 2 0 -5 5 0 0 0 0 0 0
-3 0 -2 2 0 0 0 0 0 -2 -5 1 0 1 0 0 0 0 5 0 4 0 -1 0 0 0 0 0 0 0 0 0 -2 0 4 0 0 1 0 0 0 0 0 0 3 0 0 0 0 0 0 0 0 0 0 0 5 0 0 0 0 0 0 0 0 0 5 0 0 0 0 2 0 0 0
-8 0 0 3 0 0 0 5 0 0 0 0 0 0 0 0 0 0 0 5 0 0 0 0 0 0 -1 0 0 0 0 0 0 0 -1 0 -3 0 0 0 0 4 4 0 0 0 -4 0 -4 0 0 -2 0 0 0 0 0 0 0 1 0 -2 0 3 0 0 0 0 0 0 2 0 1 0
4 0 0 0 0 -4 0 0 5 0 0 0 0 0 0 0 0 -4 1 0 0 0 0 0 0 0 0 0 -4 0 0 0 0 0 0 0 -1 0 0 0 -2 0 0 0 -2 0 0 1 0 0 1 0 -2 0 0 0 0 0 0 0 0 0 0 0 0 4 0 0 1 0 0 0 1
-2 0 0 0 0 0 -4 0 -2 0 0 0 0 0 0 0 0 0 0 0 0 0 0 0 0 0 5 0 0 5 0 0 4 0 0 0 0 0 -4 0 2 0 0 0 -1 -3 0 0 0 0 0 0 3 0 0 0 0 0 0 0 0 0 1 0 2 0 0 0 0 0 0 0
-5 0 0 0 0 0 0 0 0 0 0 2 0 0 5 0 0 3 0 0 -1 0 0 0 0 0 0 0 0 0 -4 0 0 0 0 0 0 0 0 -3 0 0 0 0 0 0 0 -1 0 0 2 0 -1 0 0 0 0 1 0 0 4 0 0 -4 0 0 0 0 0 0 -1
-1 0 4 3 0 0 0 0 0 0 0 0 0 0 0 0 0 0 2 -5 0 0 0 0 0 4 2 0 0 0 0 0 0 -1 0 2 -1 0 0 0 0 0 -1 0 1 0 0 0 0 0 5 0 4 0 0 0 0 0 0 2 0 0 0 0 0 -2 0 3 0 5
-10 0 0 0 0 0 0 -1 0 0 0 0 0 0 0 4 0 2 0 0 0 0 0 0 0 0 0 0 0 0 0 0 0 0 0 0 0 0 0 0 0 0 0 0 3 0 0 0 0 -3 0 1 0 0 2 -3 0 0 4 1 -3 0 0 -2 0 0 0 0 2
10 0 -4 0 0 0 0 0 0 -4 -5 0 0 -2 0 0 0 0 0 0 0 0 0 0 0 -5 0 0 0 0 0 0 0 0 0 0 0 3 -4 -3 0 1 0 0 0 1 0 0 0 0 0 0 0 0 0 1 0 0 0 0 0 0 0 -1 0 -4 -5 0
10 0 0 -1 -4 0 3 0 0 0 0 0 5 4 0 -2 0 -5 0 0 0 0 0 0 0 0 3 0 0 0 0 1 0 0 0 0 0 0 0 5 0 0 0 0 0 0 -1 1 0 0 0 0 0 0 -5 0 0 0 2 0 4 0 0 -5 0 0 2
-7 -5 4 0 1 0 1 0 0 0 0 0 -1 0 0 0 0 0 -4 0 0 0 0 0 -3 0 0 0 0 0 0 0 -3 5 2 0 -1 0 2 -3 0 0 0 0 0 0 0 0 0 0 0 0 0 0 0 0 0 0 0 0 0 0 0 1 0 0
3 0 0 0 0 0 0 1 0 0 -1 0 0 0 0 0 0 -1 5 0 0 -3 0 0 0 0 2 4 0 0 -5 0 0 0 0 0 0 0 -4 -5 0 0 0 0 0 0 0 0 0 0 0 0 0 0 0 0 0 0 0 0 0 0 0 2 0
-7 0 0 2 0 0 0 0 0 0 0 0 -2 -2 0 0 0 0 5 0 0 0 0 0 0 -2 0 -1 0 0 0 0 0 0 0 0 0 4 0 0 0 0 0 0 -4 0 0 -4 0 0 -2 3 0 0 0 0 0 0 -2 0 3 0 0 -4
10 0 5 0 0 0 0 0 0 0 0 -3 4 -1 0 1 0 0 0 0 2 5 0 0 0 0 0 4 -1 0 0 0 0 4 0 -1 0 0 0 0 0 0 0 -3 0 -2 1 0 0 0 0 0 0 0 -3 0 0 4 0 0 0 0 0
10 0 0 0 -4 0 0 0 0 0 3 0 0 2 5 0 0 4 0 0 0 0 0 -2 4 0 0 0 0 0 0 0 0 0 0 0 1 0 0 0 1 3 0 0 5 0 0 -5 0 0 0 0 1 0 0 3 3 0 0 0 2 0
-3 0 0 0 0 0 0 0 0 2 0 0 0 0 0 0 0 0 0 0 0 0 0 0 0 0 -2 0 -5 -5 0 0 0 2 0 0 0 0 0 0 0 0 0 0 0 0 0 0 0 0 0 0 0 0 0 0 0 0 0 0 0
4 0 0 4 0 0 0 2 0 0 0 -5 0 0 -2 0 0 0 0 0 0 0 0 1 0 4 0 0 0 0 0 0 -3 5 0 4 0 0 0 0 0 0 0 0 1 4 0 0 0 5 -1 0 0 0 0 0 0 0 -3 -3
4 0 4 0 -4 0 0 0 0 0 0 0 -1 0 0 0 0 0 0 0 0 4 0 0 0 -5 0 0 -4 0 2 0 0 0 -3 0 0 0 0 0 0 0 0 -3 0 0 0 0 3 0 0 0 -1 0 0 0 0 0 0
-2 -1 0 0 0 1 0 0 0 0 0 -4 0 0 0 0 0 0 0 0 0 -1 0 3 0 0 0 0 0 0 0 0 0 0 0 0 0 0 1 0 0 0 0 0 0 0 0 1 0 0 5 1 1 -2 0 0 0 0
-9 0 0 0 1 0 0 0 0 0 0 3 0 0 3 0 0 0 4 -2 0 0 -5 0 0 0 0 0 -3 0 -5 0 0 0 0 0 -5 0 0 0 0 0 0 0 0 0 0 0 5 0 1 0 0 0 0 0 -1
8 0 0 0 0 0 4 0 0 0 0 0 0 0 0 0 -1 0 3 -1 0 0 0 0 0 0 0 -2 0 -2 0 0 0 5 0 0 0 0 0 0 -2 -5 0 0 0 0 0 0 -4 0 0 0 0 -3 -2 0
-9 0 0 0 0 0 0 0 0 0 0 2 0 0 0 0 -1 0 0 0 5 1 -4 0 0 0 0 0 0 0 -3 4 5 4 0 0 0 -2 5 0 0 0 0 0 -3 0 0 0 3 0 0 3 0 0 0
1 0 0 0 0 1 0 0 0 0 0 0 -3 0 5 0 0 0 1 -2 0 0 0 0 -4 0 0 0 -4 0 0 4 3 0 0 0 0 0 0 4 0 0 0 0 0 0 0 0 0 0 2 0 5 0
-9 5 1 0 0 5 -1 0 0 3 0 0 0 -2 -1 0 -5 0 0 0 0 0 0 0 0 0 0 0 0 0 0 0 0 0 -4 5 0 0 0 0 0 0 0 0 0 0 0 0 0 -4 0 0 0
-6 -1 0 0 0 0 0 0 0 0 0 0 0 0 0 5 0 -3 0 0 0 -4 0 0 0 0 0 0 0 -2 0 0 0 0 0 0 0 0 0 0 0 0 0 0 0 0 0 3 0 0 1 0
-3 5 0 0 0 0 0 0 0 0 0 -3 0 5 0 -5 0 0 0 0 0 0 0 0 0 4 0 0 0 0 0 0 0 0 0 -1 0 -3 0 0 0 0 0 2 0 0 1 -5 0 0 2
-5 0 0 0 0 0 0 0 0 0 0 0 0 0 0 -5 0 0 0 -5 0 -4 0 0 0 -2 0 0 0 0 1 0 0 0 0 0 0 0 0 0 0 0 0 0 0 2 0 -3 5 0
4 0 -5 0 0 0 0 0 0 0 0 0 0 0 0 0 0 -4 0 1 -4 -1 0 0 0 3 0 0 0 0 0 0 0 0 0 0 0 0 -2 2 0 0 0 0 -1 0 0 0 0
-2 0 0 0 5 2 -1 0 0 0 0 0 0 0 3 0 0 0 -1 0 0 0 1 4 -3 -3 0 5 0 0 0 0 0 0 0 0 0 0 0 0 0 0 0 5 0 0 0 0
2 0 0 5 0 0 0 0 0 0 0 0 0 -5 3 0 0 0 0 0 0 0 0 0 3 0 0 5 0 0 0 0 0 0 4 2 0 0 0 0 0 0 0 0 0 0 0
-8 0 0 0 0 0 0 0 0 0 0 0 0 0 0 0 0 -1 0 0 0 0 0 0 0 0 0 0 2 0 0 0 -3 5 0 0 0 0 0 0 -4 0 0 5 0 0
-3 0 0 0 0 0 5 0 0 0 -5 0 2 -5 0 2 -1 0 0 0 0 0 3 0 0 0 -2 0 0 0 0 4 0 0 0 0 5 0 2 0 0 0 0 0 0
-2 0 0 -5 -4 0 0 0 0 0 0 0 0 -4 0 0 0 0 0 0 0 0 0 0 0 0 0 0 0 0 0 0 0 0 -3 0 0 2 0 0 0 3 0 0
1 0 0 0 0 0 0 3 0 0 -1 0 0 0 0 0 0 0 -4 -1 0 0 0 0 0 0 -1 0 0 0 -2 0 -5 0 2 5 4 0 -1 0 0 0 0
10 0 0 0 0 0 0 0 0 0 3 0 -4 0 0 0 0 0 0 0 0 0 0 0 1 0 0 0 0 0 0 0 5 0 0 0 -2 0 0 0 0 0
8 1 0 0 4 0 0 -5 0 0 0 0 0 -4 0 0 0 0 -3 0 0 0 0 0 0 0 0 0 -2 0 5 0 0 0 0 0 0 0 0 0 0
7 0 0 0 0 0 0 0 2 0 0 0 0 0 0 0 0 -3 0 0 -1 0 0 -4 0 0 0 0 0 0 0 0 5 -2 0 5 0 0 -5 0
-8 0 0 0 0 0 0 -4 0 0 1 0 0 -2 0 0 0 -1 1 0 0 0 0 0 0 0 -4 0 1 0 0 0 0 0 0 -2 0 -5 0
8 0 0 0 0 2 0 0 0 -2 0 0 0 0 0 4 0 0 0 1 0 0 0 0 -1 0 0 0 0 -1 0 0 0 -1 -4 -4 0 0
5 0 0 0 4 4 0 0 0 0 0 0 4 2 0 0 0 0 0 0 0 0 0 0 0 -2 -1 0 0 1 0 0 0 0 0 0 0
-3 0 0 0 0 0 0 -1 0 0 0 0 0 0 0 0 0 1 0 0 0 0 0 0 -1 0 0 0 0 0 1 0 0 0 0 0
1 0 0 0 0 0 0 0 0 0 0 0 0 0 0 0 0 0 0 0 -2 0 0 0 0 0 0 0 0 1 0 0 0 0 0
3 0 0 0 0 0 0 0 0 0 0 0 0 0 0 -5 4 0 0 0 1 -1 -3 0 0 0 0 0 -2 0 0 0 4 0
2 0 -4 0 0 0 0 0 0 -3 0 0 0 0 -1 0 0 5 0 0 0 0 -1 0 0 0 0 0 0 0 0 0 -1
-1 3 0 0 0 0 0 1 0 0 0 3 0 2 0 0 0 0 0 0 0 0 0 0 0 0 0 0 0 0 0 0
9 0 0 -1 0 0 2 0 0 0 0 0 0 -3 0 4 0 0 0 -2 0 0 0 0 3 0 0 0 0 -2 0
6 0 0 0 0 -1 5 0 0 0 0 0 0 0 0 0 0 0 0 0 0 0 0 0 0 0 0 0 0 0
-6 -3 0 0 0 0 0 0 0 -5 0 0 0 5 4 0 0 0 -1 0 0 4 0 0 2 0 0 0 0
-2 0 1 -5 0 0 4 -4 0 2 0 0 0 0 0 1 0 0 -3 0 0 0 0 0 0 0 1 2
-6 0 0 0 0 0 0 0 0 0 -5 0 0 2 0 4 0 1 0 0 0 4 0 0 1 0 0
2 0 0 -1 0 0 0 0 0 0 0 0 0 -4 0 0 0 0 0 0 1 0 -1 0 0 0
5 0 1 -2 0 0 0 0 1 0 0 -1 0 0 0 0 0 -1 -5 0 0 0 0 0 0
-10 0 0 -1 0 0 0 -5 0 0 0 0 0 0 0 0 0 0 0 0 0 0 0 0
6 1 0 0 -1 -1 0 0 -5 1 0 0 0 -4 0 0 0 0 3 0 -3 0 0
9 0 0 0 0 0 1 0 0 -3 4 -4 0 0 0 0 0 0 1 0 0 0
4 0 0 0 0 0 0 0 0 0 0 0 0 0 0 0 0 0 0 0 0
5 0 0 0 -1 0 0 0 0 0 0 0 0 0 0 0 0 0 0 0
-6 0 -1 0 2 0 0 0 0 2 0 -2 0 0 0 0 0 0 0
-3 5 0 0 0 0 0 4 0 0 0 0 0 0 -3 0 0 3
-5 0 2 0 0 0 0 4 -1 0 0 0 0 0 0 0 0
-2 2 0 0 0 0 0 -3 3 0 0 0 -4 0 0 0
4 0 0 0 2 -3 0 0 0 0 0 0 0 0 0
-1 0 -4 0 -5 -1 0 3 0 0 0 0 0 0
8 0 0 0 0 0 2 0 0 0 3 0 0
7 0 0 0 0 0 0 0 0 0 -3 -3
2 3 0 2 0 -1 0 0 3 0 0
9 1 0 0 -4 0 0 -5 0 0
5 0 0 0 0 0 0 0 0
6 0 0 0 0 0 0 0
3 -5 0 0 0 0 0
-9 0 0 0 0 0
-1 1 0 0 -1
1 0 0 0
-7 0 0
3 0
1
