100
13 23 15 11 16 22 30 13 13 12 11 19 15 29 25 26 11 10 16 21 12 28 15 17 12 11 30 11 11 17 15 28 12 17 14 12 30 15 12 20 30 14 29 13 21 11 30 13 30 27 10 28 11 23 13 15 11 12 17 21 13 19 13 11 11 30 12 30 11 19 15 18 16 30 11 21 30 10 30 12 30 22 15 13 19 27 30 30 18 12 15 30 10 11 14 15 15 16 10 15
3 19 27 41 49 67 69 78 79 81 84 85 98
3 5 16 21 23 24 30 37 39 43 49 54 59 62 64 70 71 78 84 87 90 95 100
7 10 28 35 38 41 45 49 52 56 58 66 77 95 99
11 20 37 45 48 52 54 57 58 65 77
4 8 21 24 28 36 37 49 55 59 70 73 78 94 98 100
6 7 9 13 20 23 24 28 30 32 34 41 42 48 53 54 64 72 76 77 78 89
1 6 7 11 12 14 16 23 24 27 32 33 41 42 44 49 50 52 53 55 59 62 72 74 86 89 91 93 97 100
3 9 15 22 31 42 46 49 51 55 65 82 88
6 12 13 18 19 24 26 51 63 68 87 92 100
3 24 38 40 44 46 62 64 66 77 80 99
8 23 33 49 58 62 77 79 83 85 95
1 4 10 11 16 18 25 40 46 49 53 62 70 73 76 80 84 93 95
7 16 19 41 42 46 52 57 58 63 68 75 80 86 95
10 11 18 21 22 31 33 35 38 42 45 47 54 57 58 66 67 68 73 76 80 83 84 85 87 88 90 93 96
2 5 12 14 15 22 24 27 31 32 33 35 42 47 51 64 67 68 69 72 73 84 87 93 100
4 7 9 13 14 15 27 29 44 46 49 50 52 57 60 61 65 72 77 78 79 80 81 86 91 94
18 22 34 48 56 58 61 72 80 82 83
1 4 11 39 43 47 69 77 84 95
7 17 21 31 33 37 41 45 60 66 82 85 86 90 98 100
3 10 17 20 25 27 33 37 38 43 46 50 52 60 64 73 76 81 88 91 95
37 43 45 50 57 60 69 71 78 86 94 95
1 6 11 16 18 19 26 27 31 33 36 37 43 45 56 59 64 65 67 76 77 80 82 83 84 85 87 95
3 5 13 21 25 29 34 39 40 55 66 67 72 83 86
7 11 16 20 23 27 31 39 41 49 56 64 73 75 89 90 98
2 9 11 27 38 46 59 70 79 81 98 99
5 22 25 35 38 47 59 73 85 98 100
12 14 17 22 29 30 31 32 33 35 36 38 41 45 48 49 54 61 63 65 69 75 78 88 89 90 92 93 94 96
13 23 24 27 54 62 63 67 80 86 88
2 11 13 16 30 45 50 53 63 68 93
7 9 27 33 35 38 39 44 45 49 52 57 62 77 90 92 98
8 9 13 22 33 43 55 63 71 74 76 84 92 95 97
1 2 6 9 13 17 34 40 42 44 45 46 50 53 54 55 64 71 73 81 83 84 87 92 94 95 96 97
4 26 51 59 60 71 73 75 88 92 94 97
17 19 21 28 32 33 34 38 40 42 46 57 59 70 75 80 99
1 14 19 29 38 50 51 57 62 72 74 79 82 92
2 9 26 28 32 39 40 54 68 73 98 99
1 9 14 16 17 18 19 22 23 27 30 32 33 34 35 37 41 45 51 59 66 71 74 80 81 88 93 94 96 98
15 16 19 31 32 37 38 45 50 52 67 73 79 81 92
5 9 14 18 54 61 65 73 83 87 89 92
2 7 10 15 18 19 25 27 29 31 46 47 48 54 68 80 90 92 93 94
1 7 8 9 10 17 19 23 24 28 29 32 36 38 41 42 50 53 54 58 69 70 74 76 79 83 85 86 89 92
6 16 21 32 33 35 41 51 52 56 57 63 77 82
3 8 9 14 18 20 25 27 29 30 46 52 54 55 58 61 64 73 76 79 84 86 88 93 94 95 96 97 98
6 12 36 43 49 51 59 61 70 75 83 89 94
1 7 10 24 25 31 32 34 40 41 55 60 65 67 71 73 75 84 85 93 99
4 11 33 36 51 59 71 76 77 90 100
3 8 20 21 22 29 31 33 36 37 38 40 47 48 49 55 58 60 64 66 76 77 80 84 86 91 94 95 96 98
3 5 8 20 34 37 44 57 61 74 75 92 94
1 2 3 7 13 24 26 30 31 32 35 39 41 50 51 53 57 58 59 61 65 72 74 77 79 84 91 94 98 99
7 16 17 23 27 28 35 40 45 49 52 53 54 58 60 64 66 67 68 80 85 86 94 95 96 98 100
14 35 44 72 73 78 79 86 94 95
1 2 8 10 11 15 21 22 26 28 31 34 35 46 48 50 60 64 66 69 77 79 86 93 94 98 99 100
11 22 29 33 49 58 73 76 80 81 83
1 9 11 14 26 31 37 38 40 42 47 50 54 63 70 74 77 78 79 80 83 86 98
3 17 18 25 39 54 58 69 73 76 80 81 96
3 9 45 50 52 54 55 66 70 71 74 85 91 92 99
13 26 45 55 60 62 78 87 90 93 98
21 30 42 50 54 65 72 83 84 89 92 100
4 10 18 19 25 34 45 51 52 62 67 70 73 75 86 91 100
1 5 8 18 20 27 40 41 42 43 46 47 48 53 71 77 79 80 83 95 96
10 19 23 52 63 66 73 76 79 82 83 84 89
12 16 17 29 30 34 35 44 48 50 54 59 69 73 76 79 84 86 98
5 11 12 18 35 39 46 53 58 60 75 90 91
17 20 36 38 41 66 69 72 78 81 100
4 7 17 21 39 55 57 72 75 88 92
2 6 10 13 14 18 19 21 24 26 31 33 35 36 39 47 52 56 66 67 69 72 76 79 84 86 88 95 96 99
4 9 31 40 42 52 64 72 81 86 92 98
1 6 9 11 12 16 18 21 22 23 25 28 29 32 34 35 37 40 41 43 50 51 55 57 64 67 75 83 84 94
2 6 10 39 52 66 71 88 89 96 98
6 11 22 24 32 34 35 49 55 62 63 70 78 82 85 86 88 92 98
4 11 19 37 43 46 53 63 67 69 71 78 82 89 94
4 7 12 16 21 22 27 32 37 40 42 59 74 76 80 93 97 99
6 24 38 42 53 54 56 61 74 75 77 81 82 88 94 100
2 5 6 9 13 14 17 20 22 31 33 43 57 58 59 63 66 67 69 71 72 73 74 80 83 90 91 92 93 94
3 5 15 17 27 31 52 56 83 88 90
1 2 21 22 23 24 25 36 45 46 48 49 51 53 57 59 80 81 88 93 94
4 7 9 13 16 21 29 30 31 35 37 38 39 40 42 44 51 55 57 61 64 69 74 78 82 84 85 90 92 96
22 27 45 53 66 70 80 84 87 90
17 19 23 25 28 29 30 33 34 35 38 40 41 42 43 45 58 59 61 62 73 74 75 78 85 87 88 91 92 95
5 13 22 31 51 52 62 65 66 82 93 96
1 4 5 11 13 16 24 27 28 30 36 39 41 43 47 48 50 53 54 55 58 59 67 70 76 79 81 85 88 95
5 8 9 28 30 31 33 34 42 46 54 56 59 64 66 68 70 71 77 86 97 99
2 3 11 25 36 38 39 44 54 59 63 79 80 91 95
7 8 12 36 44 49 52 53 58 70 82 97 100
1 4 7 19 21 39 46 48 53 58 60 66 70 71 80 84 91 96 97
3 6 8 12 14 16 17 18 19 23 24 31 32 40 43 46 48 49 51 54 69 78 83 84 86 91 94
2 6 7 13 16 19 26 30 31 42 43 50 53 55 56 57 62 63 66 69 70 71 78 80 82 84 86 92 93 99
1 9 11 12 13 14 15 16 17 19 24 27 29 36 37 41 44 47 49 54 55 61 65 73 74 77 85 92 94 98
1 10 22 25 26 37 45 48 55 58 62 73 77 81 83 84 89 93
10 12 27 36 61 62 81 87 90 92 98 100
2 12 22 23 28 35 39 40 63 64 70 74 83 89 99
5 6 7 8 11 15 22 24 26 28 30 31 37 40 42 43 45 49 58 62 65 67 68 70 71 79 85 86 91 92
7 14 19 30 46 50 58 62 89 94
12 16 33 36 48 60 68 78 84 87 96
9 13 24 31 42 50 58 66 69 70 72 75 90 96
2 3 11 12 23 30 36 43 49 54 57 67 80 90 93
3 22 30 34 36 47 58 59 62 64 71 74 85 89 99
3 4 5 18 25 33 34 52 63 71 85 92 93 98 99 100
2 17 18 19 33 42 60 68 75 78
2 19 21 22 24 25 27 35 38 41 43 49 70 91 94
9 0 2 0 0 0 0 1 -5 3 0 0 0 -2 0 0 0 -3 0 0 0 0 0 0 0 0 0 0 0 0 -5 1 0 0 0 -2 0 0 -2 0 0 -5 0 0 0 -1 0 0 0 0 -1 0 1 -3 0 0 0 0 0 0 0 0 0 0 -3 -5 0 0 0 0 0 1 5 -2 0 0 0 2 4 0 0 0 0 4 0 0 -3 0 0 0 0 0 4 0 0 -3 0 0 0 0
-1 0 0 0 0 0 0 0 -5 0 0 0 0 0 0 -1 0 0 0 4 1 0 0 0 0 0 0 0 0 0 -4 2 0 0 0 0 0 0 4 4 0 0 -3 0 2 0 0 0 0 4 0 0 0 0 1 1 1 0 2 -5 0 0 1 0 0 0 0 0 -2 0 0 0 0 0 0 0 0 0 0 0 0 -2 0 0 0 0 0 0 0 0 0 5 0 -1 0 0 5 0 1
6 0 0 3 0 0 0 0 0 0 0 0 0 0 0 -1 0 0 3 0 0 2 0 0 0 0 4 0 0 0 3 0 0 0 0 1 0 -3 0 0 0 0 0 0 -4 0 0 0 0 0 0 5 0 0 3 1 4 0 0 0 0 0 0 0 0 0 0 0 0 0 2 0 0 0 0 3 0 -1 0 0 0 0 0 0 0 0 0 0 0 0 0 0 3 0 0 5 0 0
-4 0 0 0 0 0 0 0 0 0 0 0 0 0 0 -5 0 0 3 1 0 0 0 0 0 0 0 0 0 0 0 1 0 0 0 -2 0 0 1 2 -3 0 0 0 0 0 0 1 0 0 0 0 0 -1 4 0 0 0 0 0 -1 0 0 0 0 0 0 0 0 0 0 -3 -3 5 0 0 0 0 -1 0 0 0 0 0 0 -1 0 0 0 0 0 0 0 0 -2 0 0
-7 0 0 0 0 0 0 0 0 0 0 0 0 0 0 4 0 0 1 0 0 0 0 0 0 0 0 0 0 0 0 0 0 0 -2 0 0 0 0 0 0 0 0 3 0 0 0 1 0 0 -3 0 0 0 4 0 -4 0 1 0 0 0 0 0 0 0 0 0 0 0 -3 0 0 0 0 0 0 0 0 0 0 0 0 0 0 0 5 5 0 0 0 0 0 0 0 -1
7 0 0 0 1 0 0 0 0 0 0 0 0 0 2 -3 0 -3 -5 0 0 0 0 0 0 0 0 0 0 0 0 3 0 -5 0 0 5 0 0 0 0 0 1 0 0 0 0 0 0 0 0 0 0 0 0 0 -1 0 0 0 0 0 -1 0 0 -5 -4 0 0 0 0 0 0 -4 0 -3 0 0 0 0 0 0 0 0 0 0 0 -4 0 -5 0 -3 0 0 0
5 0 1 -2 0 0 0 0 4 -4 0 0 0 0 0 0 -2 0 -4 0 0 0 0 0 0 -1 -2 0 0 0 0 0 -1 0 0 0 0 -1 0 -4 0 -1 0 -3 0 0 -5 0 0 0 0 0 1 1 0 0 0 0 0 0 0 5 0 0 -3 0 0 0 -5 0 0 0 0 0 0 0 0 0 5 1 5 0 -3 0 0 0 2 2 1 0 -5 0 0 5
7 0 0 0 0 0 0 0 2 0 4 0 0 0 0 0 0 0 0 0 1 0 -3 -4 0 0 0 1 0 0 0 0 0 0 0 -3 0 0 0 0 0 0 0 0 5 0 0 0 0 0 0 3 5 0 0 0 0 -4 0 0 3 5 0 3 0 0 0 0 -4 0 0 0 0 -5 0 0 0 0 0 0 1 -4 0 0 -1 0 0 3 0 0 -4 0 0
10 0 -5 -2 0 0 0 -2 5 0 0 0 0 0 0 0 -5 -3 0 0 0 0 0 0 0 0 0 0 0 0 0 -1 0 0 3 0 -5 0 0 1 0 0 0 0 -3 0 0 0 0 0 0 0 1 0 0 0 0 0 3 0 0 1 2 0 0 0 0 0 0 0 0 0 0 0 0 0 0 0 -1 0 -4 1 0 0 0 -3 0 5 2 0 0 0
4 5 0 0 1 5 -4 0 0 0 0 0 2 0 0 0 0 0 0 1 0 -1 4 0 0 0 0 0 0 1 3 0 0 0 0 -3 0 0 3 0 0 0 0 0 -1 -4 0 0 4 0 4 0 1 0 0 0 0 2 0 0 2 0 0 0 0 0 0 0 0 0 0 -1 0 0 0 0 0 0 0 -2 2 0 0 2 0 0 0 0 0 -4 0
-8 3 0 0 0 0 -1 0 5 1 0 0 4 0 0 -4 0 -5 -3 0 0 0 0 0 0 0 1 0 0 0 0 0 -1 0 0 0 1 0 0 0 0 0 0 2 0 0 0 -3 0 0 1 0 0 0 0 0 0 0 -2 0 0 0 0 2 0 0 0 0 0 0 0 0 2 0 0 0 0 0 0 1 0 -5 0 0 0 -5 -1 0 0 0
-3 0 -2 5 0 0 0 0 -1 0 3 0 0 5 0 0 -4 0 2 0 0 0 0 0 0 0 0 0 0 0 0 0 0 0 0 0 -4 0 0 0 0 0 0 0 0 0 0 -1 0 0 0 0 0 0 -3 0 -1 0 0 0 0 2 1 0 0 0 0 0 -4 0 0 0 0 0 0 0 0 0 0 0 -1 0 0 0 0 0 0 0 1
-8 -1 0 0 0 0 0 0 4 0 0 0 0 0 -1 -4 0 0 0 0 -3 0 0 0 0 0 0 0 0 0 0 0 0 0 0 0 0 0 0 0 0 0 -1 0 0 0 0 0 0 0 1 0 0 0 -1 0 0 0 0 1 0 5 0 0 -5 0 0 2 -1 0 0 2 0 0 -1 0 0 0 0 -4 0 0 -1 0 0 0 0 -1
-9 0 3 -2 0 0 0 0 0 0 0 0 2 1 4 0 0 -3 0 -1 0 0 0 0 0 0 0 0 0 0 4 0 0 -2 0 0 0 0 2 0 0 -5 -4 0 2 0 0 0 0 0 0 0 5 0 0 0 0 0 0 1 0 -2 0 0 0 2 0 0 0 0 0 0 0 0 0 2 0 0 0 0 0 0 0 0 0 -3 0
5 -2 0 0 0 0 0 0 0 0 0 0 -3 0 0 1 0 0 0 0 0 5 0 0 -2 0 0 2 0 4 2 0 0 -3 -1 0 0 0 3 0 0 0 3 0 0 5 0 -1 0 3 0 0 0 0 2 4 0 0 -2 0 0 0 0 -3 0 0 -2 0 0 -3 0 0 0 -3 -4 0 0 0 0 0 0 0 0 0 -4 0
-1 0 0 0 0 0 0 -4 0 0 -4 -4 0 0 2 0 0 0 0 -1 0 -4 0 0 2 0 0 0 -4 0 -1 0 0 0 1 0 0 0 0 0 0 0 0 0 0 0 -2 0 4 0 0 3 0 -5 0 0 1 0 0 0 0 0 0 0 0 0 0 0 0 0 0 0 -1 0 5 0 0 0 0 0 0 0 5 3 0
-5 1 0 0 0 0 3 3 0 5 0 0 0 0 0 0 0 0 0 0 3 0 0 0 1 0 0 0 0 0 0 0 -2 0 0 0 5 2 0 0 -2 -5 0 -1 1 4 0 0 0 0 0 0 5 0 0 0 0 -4 0 5 4 0 0 0 0 0 0 0 0 0 0 -2 0 0 0 0 0 0 0 0 0 0 0 0
-1 3 0 0 0 -1 -4 2 1 -1 0 -1 0 0 0 0 5 0 0 0 0 0 0 0 -1 -2 0 0 2 0 0 0 3 0 4 0 0 0 0 0 0 -5 0 0 0 0 -2 0 0 3 0 0 0 1 0 0 0 0 0 0 0 0 0 0 0 0 0 0 0 0 0 -5 0 0 0 0 0 0 0 0 0 0 0
7 0 0 1 0 0 0 3 0 -3 0 4 0 -1 0 0 0 0 0 0 0 0 -1 0 0 0 0 2 0 0 3 0 0 0 0 5 0 0 2 0 1 3 0 0 1 0 0 0 0 0 0 0 0 0 -5 0 -1 -3 0 0 0 0 0 0 0 0 0 -1 0 0 0 0 0 0 0 2 -1 1 0 0 -3 -2
3 0 0 0 0 0 0 -1 0 0 0 0 0 1 0 0 0 0 0 4 0 0 -4 0 0 0 0 0 0 -3 0 0 0 0 4 0 -4 0 0 0 0 5 0 0 0 0 0 0 0 0 2 0 2 3 -5 0 0 0 0 0 0 0 2 -1 0 0 0 0 -2 0 0 0 0 5 0 0 0 0 -1 -2 0
-3 0 0 0 0 0 0 0 0 0 -4 0 0 4 -4 0 4 0 -3 0 1 0 -1 0 0 0 0 0 1 0 0 0 3 0 0 0 0 0 0 -3 0 -2 0 0 0 0 0 0 0 0 0 3 0 0 0 0 -5 0 0 3 5 0 0 0 0 0 0 0 0 -1 5 0 0 0 0 -4 0 -4 0 0
-8 0 0 0 0 0 0 0 3 -4 0 0 0 0 0 0 0 0 0 0 0 0 0 0 -5 0 0 0 0 -5 0 0 0 5 0 0 0 1 3 0 0 0 -5 -1 0 0 0 3 0 0 0 0 1 0 4 0 0 0 1 0 0 -2 0 0 0 0 2 0 0 0 0 -2 0 0 0 3 0 5 -5
-10 0 0 0 1 0 3 0 4 0 0 1 0 0 0 0 -1 0 0 3 0 0 0 0 0 0 0 0 0 0 -5 0 0 0 0 0 0 2 0 0 -3 1 0 0 0 0 0 3 0 -4 0 4 4 0 0 0 0 0 0 0 1 0 -4 0 4 0 0 0 -1 0 0 0 0 0 0 0 2 -1
6 0 0 -5 0 0 0 0 0 0 0 0 0 0 4 0 0 0 0 0 0 0 0 -4 0 0 0 0 0 -1 0 -3 0 0 0 4 0 2 0 0 0 -3 -5 0 0 0 0 -2 4 5 0 0 0 2 0 0 0 0 0 0 0 0 0 1 2 0 0 0 0 0 -2 0 0 0 -4 5 0
5 0 0 0 0 0 0 0 0 0 0 0 0 2 0 0 0 -3 -4 -2 0 0 3 0 0 0 0 0 0 0 5 0 0 5 4 0 0 0 0 0 -1 0 2 0 0 0 -1 0 0 0 0 0 0 0 0 0 0 0 0 0 0 0 0 0 0 0 0 0 0 0 0 0 0 0 -2 0
10 0 0 5 0 3 0 0 0 2 0 0 0 0 -1 -2 0 0 0 0 0 1 0 0 0 0 0 0 0 -3 0 0 0 -4 2 0 0 0 0 0 0 0 0 3 0 0 0 0 -3 3 0 0 0 -2 3 0 0 0 0 0 5 -4 0 0 0 0 0 0 0 0 0 3 0 0 0
3 0 0 -5 0 4 0 -1 0 0 0 0 0 0 0 0 0 0 0 5 0 0 0 0 0 0 0 0 0 -2 0 0 0 0 0 0 0 0 0 0 0 0 0 0 0 0 -4 0 0 0 0 0 0 0 0 0 0 0 0 0 0 0 0 0 0 0 0 0 0 0 0 0 0 0
4 0 -5 0 1 0 0 0 0 0 0 0 0 0 0 0 1 0 0 0 0 0 -3 0 0 1 0 0 4 0 0 0 3 0 0 0 0 0 0 0 1 0 -3 0 0 0 0 0 2 0 0 0 0 0 -3 0 0 0 0 -3 0 0 0 0 0 3 0 0 0 0 0 0 0
-7 0 0 5 -3 0 0 0 0 0 2 -4 0 0 0 0 0 4 0 0 0 0 0 0 -1 2 0 0 0 0 -1 0 0 2 -4 0 0 0 0 0 0 0 0 2 0 -2 0 5 0 4 0 0 0 0 0 0 0 3 0 0 0 0 0 0 0 0 0 0 0 0 -3 0
-2 0 0 0 0 0 0 0 0 3 0 0 0 0 0 0 0 -1 0 0 -1 3 0 0 0 0 0 0 0 0 0 0 0 -5 0 0 4 0 0 0 0 0 -3 0 0 0 -1 2 -4 0 0 0 -5 0 0 0 0 0 0 1 0 1 0 0 0 0 0 0 1 0 0
5 -1 0 0 0 1 0 0 0 0 0 0 0 0 -2 -3 -5 3 0 0 0 0 0 0 3 0 0 0 0 0 0 0 0 -4 0 0 0 0 0 0 0 0 0 1 0 3 0 0 0 0 2 0 0 0 0 -1 0 1 0 0 0 0 0 0 0 0 -1 0 0 0
-9 0 0 0 0 0 0 0 0 0 0 0 1 0 0 4 0 0 0 2 0 0 2 0 0 0 0 0 4 0 0 0 0 5 0 0 0 0 0 1 0 0 0 0 0 0 0 -5 5 0 0 0 2 0 0 0 0 0 0 0 0 0 0 0 1 0 0 0 0
-1 0 0 0 0 1 0 0 0 0 0 0 0 0 -4 0 0 0 0 0 0 0 0 0 0 1 0 0 0 0 0 0 0 0 0 -1 4 0 0 0 0 0 -4 0 0 0 0 -1 0 -1 -1 0 0 -1 -1 0 0 0 0 0 0 0 0 0 0 0 0 0
1 0 0 0 0 0 0 0 -1 0 0 0 0 2 0 5 0 0 0 -5 0 -1 0 0 0 5 0 0 0 0 0 0 0 0 0 0 0 0 1 0 0 0 0 0 0 0 0 0 4 -2 0 0 0 0 -5 0 0 5 3 0 0 0 -1 -1 0 0 0
3 0 0 0 3 0 -1 0 0 0 0 0 0 0 -5 0 3 0 0 0 0 0 -2 5 1 0 0 0 -5 4 0 0 0 0 0 0 0 -1 0 -4 0 0 0 0 0 0 0 -3 0 0 0 2 0 0 0 0 0 0 0 0 0 0 0 0 0 0
-2 -1 0 0 0 0 0 0 -5 0 0 1 -3 5 -1 0 0 0 1 0 -5 0 0 0 1 0 3 0 0 0 0 0 0 0 0 0 0 0 -3 0 0 5 -4 4 0 0 -5 -5 -1 0 -1 0 0 0 0 0 0 -3 0 0 0 0 0 4 0
8 0 1 -1 4 0 0 -1 0 0 0 0 0 -2 0 0 0 0 0 0 0 0 5 0 -2 0 0 0 3 2 0 0 0 3 0 0 4 0 0 0 0 0 0 0 0 0 -1 0 0 0 0 0 0 -1 4 -5 0 0 0 0 0 0 0 0
-3 -5 0 0 0 0 0 0 0 0 0 0 1 0 0 0 -1 -4 0 0 0 0 0 -3 0 0 -1 0 0 0 0 0 0 5 0 0 0 1 0 0 0 0 0 0 -2 0 0 -4 0 0 0 5 5 0 5 -1 0 0 0 0 0 0 -2
5 -2 0 1 2 0 -2 0 0 -1 0 0 0 0 0 0 0 0 -1 0 0 0 0 0 -4 0 0 0 0 0 0 0 0 0 0 -4 0 0 0 0 0 0 0 1 -3 0 0 0 0 0 0 0 0 0 0 0 0 0 4 0 0 0
-1 0 0 -1 0 0 2 0 0 0 0 0 -1 0 0 0 0 0 0 0 -1 -4 0 0 0 1 0 0 0 0 4 0 0 0 0 0 0 4 0 -3 0 0 -2 0 0 0 0 0 0 0 0 0 0 0 0 0 1 0 0 0 0
9 1 5 0 0 0 0 0 0 0 0 0 0 0 0 0 3 4 0 0 4 0 0 0 0 -4 0 0 0 0 0 0 0 0 0 0 0 0 0 0 0 1 0 0 0 0 0 5 5 0 0 -4 0 0 0 0 0 5 0 0
3 0 0 -2 0 0 0 -1 0 0 0 0 5 3 0 1 0 0 0 0 0 0 0 0 -5 0 0 0 0 -1 0 0 0 0 0 0 0 0 0 -1 0 0 0 0 0 0 0 -3 1 0 0 0 0 0 0 0 0 -2 0
-1 0 0 0 5 0 0 -1 0 0 0 0 0 2 2 0 0 4 0 0 4 0 2 0 0 0 0 0 0 0 0 0 0 0 0 0 0 0 0 0 0 0 0 0 1 5 0 2 1 1 0 0 0 0 0 0 0 2
9 0 0 0 0 0 0 0 4 0 0 0 -3 0 0 0 5 -1 0 0 3 0 0 -3 0 0 2 0 0 1 4 0 0 0 0 0 0 0 1 0 0 0 0 0 0 0 0 -2 -2 0 0 0 0 0 0 3 0
5 0 0 0 0 0 0 0 -3 0 0 0 0 0 5 0 0 0 3 0 -5 0 0 0 0 0 0 0 0 0 0 0 2 0 0 0 0 0 0 0 0 0 5 0 0 4 0 0 0 -5 0 0 0 -5 0 0
10 0 0 0 3 0 0 0 0 0 0 1 0 0 0 0 0 0 0 0 -3 1 -1 0 0 0 0 0 0 0 0 0 4 0 0 0 0 0 0 0 0 0 -2 0 0 0 0 3 0 4 0 0 0 0 0
-2 -1 -3 0 0 0 2 0 0 0 0 0 0 0 0 0 1 0 0 -3 0 -3 0 0 0 3 0 0 0 0 0 0 0 0 0 0 0 0 0 0 0 0 -5 0 0 0 -1 0 0 0 0 -1 0 0
-5 0 4 0 3 0 0 0 0 0 0 0 0 0 0 0 0 0 0 0 0 0 0 0 0 1 0 -5 0 3 0 0 0 0 0 -2 -3 0 2 0 0 0 0 0 0 0 5 0 0 0 0 0 0
1 -4 0 0 2 -5 0 0 0 0 0 0 0 1 0 0 0 0 0 0 0 2 0 -1 0 0 0 -3 0 0 0 0 0 0 1 0 5 0 0 0 0 0 0 0 0 0 0 0 -3 2 0 0
-1 0 0 0 0 0 0 0 0 -3 0 0 -3 0 0 0 0 0 0 0 0 4 0 0 0 0 0 0 0 0 0 0 3 0 0 0 0 0 0 0 0 0 0 0 0 0 0 -3 0 -3 1
1 0 0 0 0 0 0 0 0 0 0 0 0 -3 1 -2 0 0 0 0 0 0 0 0 0 0 0 0 0 0 0 0 0 1 -5 0 0 0 0 0 0 0 0 0 -3 0 1 0 0 0
-2 -4 0 0 0 -2 0 0 0 0 0 5 0 0 0 0 0 -4 0 0 0 0 0 4 0 -4 0 0 0 0 3 0 0 0 0 2 0 0 0 0 0 1 0 0 0 0 0 0 0
-10 0 0 0 1 0 -2 0 0 0 0 0 0 0 0 0 0 0 0 0 0 0 1 0 -3 0 0 0 0 0 0 0 0 -4 -2 0 0 0 0 0 0 0 0 -5 0 0 0 0
-7 0 0 0 0 0 0 0 0 0 0 0 0 0 0 0 0 0 2 0 -1 0 0 0 0 0 -5 0 0 0 4 1 0 -3 0 0 0 0 0 5 0 0 0 0 0 0 -4
-6 0 0 -3 0 4 0 0 3 0 0 1 0 0 0 0 0 0 0 0 0 -4 0 0 0 0 -1 0 -1 0 0 0 0 0 0 0 0 0 5 0 0 -3 0 0 0 0
3 0 0 0 0 0 0 0 0 -2 0 0 0 1 0 0 3 0 0 1 0 0 0 0 0 1 0 -2 0 0 0 0 0 -1 0 0 0 0 0 0 -1 0 0 -1 0
3 0 0 -5 0 0 0 0 0 0 0 0 0 0 0 0 0 0 0 0 0 0 0 0 0 0 0 0 0 0 0 0 0 0 0 0 0 -3 0 1 0 0 -2 0
-2 0 0 0 4 0 0 0 0 0 0 0 0 5 0 0 -1 0 0 0 0 0 0 0 0 0 0 0 0 0 0 -4 0 0 0 0 -5 0 1 -3 -2 0 0
-1 0 0 0 0 0 -1 0 0 3 0 0 0 0 0 0 0 0 0 1 0 0 0 0 0 0 0 -1 0 0 0 0 0 0 0 0 0 0 0 0 0 0
9 0 0 0 0 0 0 0 0 -5 0 5 0 0 0 0 0 0 0 0 0 0 0 1 0 -1 0 0 0 3 -1 5 4 0 0 -4 0 0 0 0 0
-4 0 0 0 0 0 0 0 0 0 0 1 1 0 1 0 0 0 0 -1 0 0 0 0 0 0 0 4 0 -3 0 0 0 0 0 0 0 0 0 0
-9 1 0 0 0 0 0 0 2 0 0 0 0 0 0 0 0 4 -2 0 0 0 0 0 0 0 0 0 0 0 0 0 0 -5 0 0 0 0 0
9 0 0 5 0 0 0 0 0 0 0 0 0 -1 4 0 0 0 0 0 0 0 0 0 0 0 0 -1 0 0 0 0 0 1 -1 0 0 4
-7 0 0 0 0 0 0 0 0 0 -3 0 0 0 0 5 0 0 0 0 0 0 -4 -4 -1 4 0 0 0 0 0 0 0 0 0 0 0
-1 -2 5 3 0 0 -2 0 0 0 5 0 0 0 1 0 0 0 1 0 0 0 0 0 0 2 0 0 -4 0 -1 3 0 0 2 -2
6 1 -4 0 0 4 1 5 0 0 0 0 0 3 -2 0 0 0 0 0 -5 1 0 0 0 0 -1 -3 0 0 0 0 0 0 0
5 0 1 0 -1 0 5 0 0 0 0 0 -5 0 0 0 0 -3 0 0 0 0 0 0 -2 5 1 2 0 0 0 0 0 0
-8 0 0 0 -4 0 0 -2 0 0 0 0 0 -3 -5 -1 0 0 0 0 0 0 0 0 0 0 0 0 0 0 0 4 0
4 0 0 0 0 0 0 0 -1 0 0 0 0 0 0 -1 0 0 0 -3 0 0 1 2 1 -5 0 0 0 0 0 0
8 0 -1 0 0 0 0 0 0 -3 0 0 0 0 0 0 0 0 -2 0 0 0 0 0 0 0 -5 0 -1 4 0
1 -5 0 0 0 0 0 0 0 0 -5 0 1 0 -5 0 0 0 -4 5 2 0 0 0 0 0 3 0 0 0
6 0 0 0 0 0 0 0 0 2 0 0 0 0 0 0 0 0 0 0 -2 0 0 0 0 0 0 0 0
-10 0 0 0 0 0 0 0 0 0 0 0 0 0 -3 0 0 0 0 0 0 0 0 0 0 0 0 0
2 3 3 0 0 1 0 0 -5 0 0 0 -4 -4 0 0 0 -3 -2 0 1 0 0 0 0 -1 4
-10 0 0 0 0 0 0 0 0 0 0 0 1 0 1 0 -3 0 0 0 0 0 0 0 0 5
-2 0 0 0 0 0 0 1 0 0 3 -5 4 0 0 0 0 0 0 -5 0 0 0 0 -1
10 0 0 0 0 0 0 0 -3 0 0 0 0 0 0 0 0 0 0 0 0 0 0 0
-10 0 1 0 -4 4 0 0 0 0 0 0 0 0 0 0 0 -5 0 0 0 0 0
-8 0 0 -1 0 0 0 2 0 0 -4 0 0 0 0 0 0 0 0 -4 0 0
6 0 0 0 0 0 -1 0 0 0 4 0 0 1 0 0 3 4 0 0 0
-3 0 0 0 0 -2 0 0 0 4 0 -1 0 0 0 0 0 0 0 0
-7 -2 -4 0 -1 0 0 0 0 0 0 0 0 0 5 0 0 0 0
2 0 0 0 0 0 -3 0 0 0 0 0 0 0 0 0 0 0
6 -4 0 0 0 0 0 0 0 0 3 0 -2 0 0 0 0
5 0 0 0 4 0 -1 0 0 0 0 0 0 0 0 0
10 0 0 0 0 0 0 -2 4 0 0 0 0 0 0
4 0 0 0 0 0 0 0 0 0 0 0 0 -3
1 -4 -5 0 0 0 0 0 0 0 0 0 0
-10 0 0 4 1 0 0 5 0 -4 0 0
-5 -1 0 0 -1 4 0 -2 0 3 5
2 -4 0 -5 0 0 0 0 5 -1
6 0 0 0 0 1 0 1 0
10 0 0 0 0 0 0 0
-3 0 0 0 2 0 -3
-3 0 -2 0 0 0
-4 -4 0 0 0
6 0 -3 0
-4 0 0
10 0
-2
