200
13 15 15 14 14 9 13 10 18 9 21 15 18 15 20 7 13 16 9 9 7 12 10 15 9 17 21 11 14 20 13 7 14 14 18 8 10 8 16 9 7 7 18 8 19 10 20 8 21 10 7 18 12 18 17 14 15 20 11 14 14 19 14 14 11 15 20 12 8 15 7 15 17 20 11 13 20 9 15 13 7 16 11 13 11 16 14 8 17 11 13 17 16 10 8 13 13 19 13 10 19 14 12 7 13 8 14 21 15 10 20 13 7 19 9 18 10 12 16 10 15 9 19 11 15 11 11 15 12 20 15 18 20 7 18 19 16 16 10 11 13 16 12 8 10 14 16 8 16 9 19 9 19 15 11 20 9 18 10 21 9 17 17 19 9 21 11 20 17 17 11 19 17 16 17 20 12 11 14 13 10 15 13 19 15 17 12 18 18 13 17 11 17 20 21 19 21 16 17 19
1 2 3 4 5 6 7 8 9 10 11 12 13
2 3 4 5 6 7 8 9 10 11 12 13 14 15 16
3 4 5 6 7 8 9 10 11 12 13 14 15 16 17
4 5 6 7 8 9 10 11 12 13 14 15 16 17
5 6 7 8 9 10 11 12 13 14 15 16 17 18
6 7 8 9 10 11 12 13 14
7 8 9 10 11 12 13 14 15 16 17 18 19
8 9 10 11 12 13 14 15 16 17
9 10 11 12 13 14 15 16 17 18 19 20 21 22 23 24 25 26
10 11 12 13 14 15 16 17 18
11 12 13 14 15 16 17 18 19 20 21 22 23 24 25 26 27 28 29 30 31
12 13 14 15 16 17 18 19 20 21 22 23 24 25 26
13 14 15 16 17 18 19 20 21 22 23 24 25 26 27 28 29 30
14 15 16 17 18 19 20 21 22 23 24 25 26 27 28
15 16 17 18 19 20 21 22 23 24 25 26 27 28 29 30 31 32 33 34
16 17 18 19 20 21 22
17 18 19 20 21 22 23 24 25 26 27 28 29
18 19 20 21 22 23 24 25 26 27 28 29 30 31 32 33
19 20 21 22 23 24 25 26 27
20 21 22 23 24 25 26 27 28
21 22 23 24 25 26 27
22 23 24 25 26 27 28 29 30 31 32 33
23 24 25 26 27 28 29 30 31 32
24 25 26 27 28 29 30 31 32 33 34 35 36 37 38
25 26 27 28 29 30 31 32 33
26 27 28 29 30 31 32 33 34 35 36 37 38 39 40 41 42
27 28 29 30 31 32 33 34 35 36 37 38 39 40 41 42 43 44 45 46 47
28 29 30 31 32 33 34 35 36 37 38
29 30 31 32 33 34 35 36 37 38 39 40 41 42
30 31 32 33 34 35 36 37 38 39 40 41 42 43 44 45 46 47 48 49
31 32 33 34 35 36 37 38 39 40 41 42 43
32 33 34 35 36 37 38
33 34 35 36 37 38 39 40 41 42 43 44 45 46
34 35 36 37 38 39 40 41 42 43 44 45 46 47
35 36 37 38 39 40 41 42 43 44 45 46 47 48 49 50 51 52
36 37 38 39 40 41 42 43
37 38 39 40 41 42 43 44 45 46
38 39 40 41 42 43 44 45
39 40 41 42 43 44 45 46 47 48 49 50 51 52 53 54
40 41 42 43 44 45 46 47 48
41 42 43 44 45 46 47
42 43 44 45 46 47 48
43 44 45 46 47 48 49 50 51 52 53 54 55 56 57 58 59 60
44 45 46 47 48 49 50 51
45 46 47 48 49 50 51 52 53 54 55 56 57 58 59 60 61 62 63
46 47 48 49 50 51 52 53 54 55
47 48 49 50 51 52 53 54 55 56 57 58 59 60 61 62 63 64 65 66
48 49 50 51 52 53 54 55
49 50 51 52 53 54 55 56 57 58 59 60 61 62 63 64 65 66 67 68 69
50 51 52 53 54 55 56 57 58 59
51 52 53 54 55 56 57
52 53 54 55 56 57 58 59 60 61 62 63 64 65 66 67 68 69
53 54 55 56 57 58 59 60 61 62 63 64
54 55 56 57 58 59 60 61 62 63 64 65 66 67 68 69 70 71
55 56 57 58 59 60 61 62 63 64 65 66 67 68 69 70 71
56 57 58 59 60 61 62 63 64 65 66 67 68 69
57 58 59 60 61 62 63 64 65 66 67 68 69 70 71
58 59 60 61 62 63 64 65 66 67 68 69 70 71 72 73 74 75 76 77
59 60 61 62 63 64 65 66 67 68 69
60 61 62 63 64 65 66 67 68 69 70 71 72 73
61 62 63 64 65 66 67 68 69 70 71 72 73 74
62 63 64 65 66 67 68 69 70 71 72 73 74 75 76 77 78 79 80
63 64 65 66 67 68 69 70 71 72 73 74 75 76
64 65 66 67 68 69 70 71 72 73 74 75 76 77
65 66 67 68 69 70 71 72 73 74 75
66 67 68 69 70 71 72 73 74 75 76 77 78 79 80
67 68 69 70 71 72 73 74 75 76 77 78 79 80 81 82 83 84 85 86
68 69 70 71 72 73 74 75 76 77 78 79
69 70 71 72 73 74 75 76
70 71 72 73 74 75 76 77 78 79 80 81 82 83 84
71 72 73 74 75 76 77
72 73 74 75 76 77 78 79 80 81 82 83 84 85 86
73 74 75 76 77 78 79 80 81 82 83 84 85 86 87 88 89
74 75 76 77 78 79 80 81 82 83 84 85 86 87 88 89 90 91 92 93
75 76 77 78 79 80 81 82 83 84 85
76 77 78 79 80 81 82 83 84 85 86 87 88
77 78 79 80 81 82 83 84 85 86 87 88 89 90 91 92 93 94 95 96
78 79 80 81 82 83 84 85 86
79 80 81 82 83 84 85 86 87 88 89 90 91 92 93
80 81 82 83 84 85 86 87 88 89 90 91 92
81 82 83 84 85 86 87
82 83 84 85 86 87 88 89 90 91 92 93 94 95 96 97
83 84 85 86 87 88 89 90 91 92 93
84 85 86 87 88 89 90 91 92 93 94 95 96
85 86 87 88 89 90 91 92 93 94 95
86 87 88 89 90 91 92 93 94 95 96 97 98 99 100 101
87 88 89 90 91 92 93 94 95 96 97 98 99 100
88 89 90 91 92 93 94 95
89 90 91 92 93 94 95 96 97 98 99 100 101 102 103 104 105
90 91 92 93 94 95 96 97 98 99 100
91 92 93 94 95 96 97 98 99 100 101 102 103
92 93 94 95 96 97 98 99 100 101 102 103 104 105 106 107 108
93 94 95 96 97 98 99 100 101 102 103 104 105 106 107 108
94 95 96 97 98 99 100 101 102 103
95 96 97 98 99 100 101 102
96 97 98 99 100 101 102 103 104 105 106 107 108
97 98 99 100 101 102 103 104 105 106 107 108 109
98 99 100 101 102 103 104 105 106 107 108 109 110 111 112 113 114 115 116
99 100 101 102 103 104 105 106 107 108 109 110 111
100 101 102 103 104 105 106 107 108 109
101 102 103 104 105 106 107 108 109 110 111 112 113 114 115 116 117 118 119
102 103 104 105 106 107 108 109 110 111 112 113 114 115
103 104 105 106 107 108 109 110 111 112 113 114
104 105 106 107 108 109 110
105 106 107 108 109 110 111 112 113 114 115 116 117
106 107 108 109 110 111 112 113
107 108 109 110 111 112 113 114 115 116 117 118 119 120
108 109 110 111 112 113 114 115 116 117 118 119 120 121 122 123 124 125 126 127 128
109 110 111 112 113 114 115 116 117 118 119 120 121 122 123
110 111 112 113 114 115 116 117 118 119
111 112 113 114 115 116 117 118 119 120 121 122 123 124 125 126 127 128 129 130
112 113 114 115 116 117 118 119 120 121 122 123 124
113 114 115 116 117 118 119
114 115 116 117 118 119 120 121 122 123 124 125 126 127 128 129 130 131 132
115 116 117 118 119 120 121 122 123
116 117 118 119 120 121 122 123 124 125 126 127 128 129 130 131 132 133
117 118 119 120 121 122 123 124 125 126
118 119 120 121 122 123 124 125 126 127 128 129
119 120 121 122 123 124 125 126 127 128 129 130 131 132 133 134
120 121 122 123 124 125 126 127 128 129
121 122 123 124 125 126 127 128 129 130 131 132 133 134 135
122 123 124 125 126 127 128 129 130
123 124 125 126 127 128 129 130 131 132 133 134 135 136 137 138 139 140 141
124 125 126 127 128 129 130 131 132 133 134
125 126 127 128 129 130 131 132 133 134 135 136 137 138 139
126 127 128 129 130 131 132 133 134 135 136
127 128 129 130 131 132 133 134 135 136 137
128 129 130 131 132 133 134 135 136 137 138 139 140 141 142
129 130 131 132 133 134 135 136 137 138 139 140
130 131 132 133 134 135 136 137 138 139 140 141 142 143 144 145 146 147 148 149
131 132 133 134 135 136 137 138 139 140 141 142 143 144 145
132 133 134 135 136 137 138 139 140 141 142 143 144 145 146 147 148 149
133 134 135 136 137 138 139 140 141 142 143 144 145 146 147 148 149 150 151 152
134 135 136 137 138 139 140
135 136 137 138 139 140 141 142 143 144 145 146 147 148 149 150 151 152
136 137 138 139 140 141 142 143 144 145 146 147 148 149 150 151 152 153 154
137 138 139 140 141 142 143 144 145 146 147 148 149 150 151 152
138 139 140 141 142 143 144 145 146 147 148 149 150 151 152 153
139 140 141 142 143 144 145 146 147 148
140 141 142 143 144 145 146 147 148 149 150
141 142 143 144 145 146 147 148 149 150 151 152 153
142 143 144 145 146 147 148 149 150 151 152 153 154 155 156 157
143 144 145 146 147 148 149 150 151 152 153 154
144 145 146 147 148 149 150 151
145 146 147 148 149 150 151 152 153 154
146 147 148 149 150 151 152 153 154 155 156 157 158 159
147 148 149 150 151 152 153 154 155 156 157 158 159 160 161 162
148 149 150 151 152 153 154 155
149 150 151 152 153 154 155 156 157 158 159 160 161 162 163 164
150 151 152 153 154 155 156 157 158
151 152 153 154 155 156 157 158 159 160 161 162 163 164 165 166 167 168 169
152 153 154 155 156 157 158 159 160
153 154 155 156 157 158 159 160 161 162 163 164 165 166 167 168 169 170 171
154 155 156 157 158 159 160 161 162 163 164 165 166 167 168
155 156 157 158 159 160 161 162 163 164 165
156 157 158 159 160 161 162 163 164 165 166 167 168 169 170 171 172 173 174 175
157 158 159 160 161 162 163 164 165
158 159 160 161 162 163 164 165 166 167 168 169 170 171 172 173 174 175
159 160 161 162 163 164 165 166 167 168
160 161 162 163 164 165 166 167 168 169 170 171 172 173 174 175 176 177 178 179 180
161 162 163 164 165 166 167 168 169
162 163 164 165 166 167 168 169 170 171 172 173 174 175 176 177 178
163 164 165 166 167 168 169 170 171 172 173 174 175 176 177 178 179
164 165 166 167 168 169 170 171 172 173 174 175 176 177 178 179 180 181 182
165 166 167 168 169 170 171 172 173
166 167 168 169 170 171 172 173 174 175 176 177 178 179 180 181 182 183 184 185 186
167 168 169 170 171 172 173 174 175 176 177
168 169 170 171 172 173 174 175 176 177 178 179 180 181 182 183 184 185 186 187
169 170 171 172 173 174 175 176 177 178 179 180 181 182 183 184 185
170 171 172 173 174 175 176 177 178 179 180 181 182 183 184 185 186
171 172 173 174 175 176 177 178 179 180 181
172 173 174 175 176 177 178 179 180 181 182 183 184 185 186 187 188 189 190
173 174 175 176 177 178 179 180 181 182 183 184 185 186 187 188 189
174 175 176 177 178 179 180 181 182 183 184 185 186 187 188 189
175 176 177 178 179 180 181 182 183 184 185 186 187 188 189 190 191
176 177 178 179 180 181 182 183 184 185 186 187 188 189 190 191 192 193 194 195
177 178 179 180 181 182 183 184 185 186 187 188
178 179 180 181 182 183 184 185 186 187 188
179 180 181 182 183 184 185 186 187 188 189 190 191 192
180 181 182 183 184 185 186 187 188 189 190 191 192
181 182 183 184 185 186 187 188 189 190
182 183 184 185 186 187 188 189 190 191 192 193 194 195 196
183 184 185 186 187 188 189 190 191 192 193 194 195
1 2 184 185 186 187 188 189 190 191 192 193 194 195 196 197 198 199 200
185 186 187 188 189 190 191 192 193 194 195 196 197 198 199
1 2 186 187 188 189 190 191 192 193 194 195 196 197 198 199 200
187 188 189 190 191 192 193 194 195 196 197 198
1 2 3 4 5 188 189 190 191 192 193 194 195 196 197 198 199 200
1 2 3 4 5 6 189 190 191 192 193 194 195 196 197 198 199 200
1 2 190 191 192 193 194 195 196 197 198 199 200
1 2 3 4 5 6 7 191 192 193 194 195 196 197 198 199 200
1 2 192 193 194 195 196 197 198 199 200
1 2 3 4 5 6 7 8 9 193 194 195 196 197 198 199 200
1 2 3 4 5 6 7 8 9 10 11 12 13 194 195 196 197 198 199 200
1 2 3 4 5 6 7 8 9 10 11 12 13 14 15 195 196 197 198 199 200
1 2 3 4 5 6 7 8 9 10 11 12 13 14 196 197 198 199 200
1 2 3 4 5 6 7 8 9 10 11 12 13 14 15 16 17 197 198 199 200
1 2 3 4 5 6 7 8 9 10 11 12 13 198 199 200
1 2 3 4 5 6 7 8 9 10 11 12 13 14 15 199 200
1 2 3 4 5 6 7 8 9 10 11 12 13 14 15 16 17 18 200
5 0 0 2 0 0 0 0 0 0 0 0 0 0 0 0 0 0 0 0 2 0 0 0 0 0 0 0 0 1 0 0 0 0 2 4 0 0 0 0 1 0 0 0 0 2 0 0 0 0 -5 2 0 -3 -3 0 0 0 2 0 0 0 0 -4 0 0 0 0 0 0 0 0 0 0 0 0 -3 0 0 0 0 -1 0 -1 0 0 -3 0 0 0 0 0 0 4 0 0 0 0 0 0 0 -1 -2 0 2 0 0 0 0 0 1 3 0 0 -4 0 0 0 0 0 3 0 0 0 0 -1 0 0 0 0 0 0 0 0 -4 0 1 0 0 3 0 0 0 -2 0 0 0 4 3 0 -4 0 0 0 0 0 0 0 0 0 0 3 0 -5 0 0 0 -1 0 0 0 0 0 2 3 0 0 0 0 0 0 -2 0 3 0 -1 0 0 0 0 0 0 0 -2 0 0 0 0 0 0
-9 0 0 0 0 0 0 -5 0 0 0 0 0 0 0 2 0 3 0 0 2 0 0 4 0 0 0 0 0 0 0 -2 0 0 5 0 -2 0 0 0 0 0 0 0 -2 0 0 0 0 0 -3 1 0 4 0 0 0 0 0 0 0 0 2 0 0 0 0 0 0 0 0 0 0 0 0 0 0 0 4 0 0 0 -2 0 0 0 0 0 0 0 0 0 -3 0 0 -1 0 0 0 0 1 0 0 0 0 0 0 0 0 0 0 0 0 0 0 -3 0 0 1 0 0 1 0 0 0 0 -4 0 0 -1 3 0 0 2 0 0 0 0 0 0 0 -5 0 2 0 0 0 -4 0 0 0 0 0 0 0 0 0 0 0 0 -1 0 0 0 -3 0 0 0 0 -4 0 0 -1 0 0 0 3 0 0 0 0 0 0 0 0 0 0 0 0 0 0 0 0 0 3 0 0 0 0
-7 0 0 0 0 -1 0 0 0 0 0 0 -1 0 0 0 3 0 -3 -5 0 0 -5 -2 0 -5 0 0 0 0 0 0 0 0 0 0 1 3 0 0 0 0 0 -2 0 0 0 0 0 2 0 0 0 0 0 -3 0 0 0 0 -1 0 0 0 0 0 0 0 0 0 0 4 0 0 0 0 -1 0 0 0 0 0 0 0 0 0 0 0 4 0 0 0 0 0 0 3 0 4 0 5 0 0 -4 0 0 0 0 0 0 0 0 0 -1 0 0 0 0 0 0 0 1 -5 0 0 -4 0 0 0 0 0 0 0 3 0 -1 0 0 -2 0 0 0 0 0 0 0 0 0 0 0 1 0 0 0 3 0 0 0 5 0 -2 0 0 0 0 0 4 0 0 5 -1 1 0 0 0 0 0 0 0 0 0 0 4 0 0 0 0 3 -5 0 0 0 0 0 0 -2 0 0 0
7 0 0 0 -1 2 2 0 0 0 0 -1 0 0 0 0 0 0 -1 0 0 0 0 0 0 0 4 0 0 0 0 0 0 3 0 0 0 0 0 0 -1 0 0 0 0 0 0 -4 0 0 0 -2 0 0 0 0 0 -1 0 0 0 0 2 0 0 0 0 0 0 2 0 0 0 0 0 1 0 0 0 0 0 -1 0 -5 0 1 0 0 0 2 0 0 1 0 0 0 2 -1 0 0 0 -4 0 0 0 0 0 0 0 0 2 0 0 -1 0 0 -3 0 0 0 0 0 0 0 0 0 0 0 0 0 0 0 0 0 0 0 0 0 -2 0 3 0 0 0 0 0 0 0 0 0 0 0 0 0 -3 0 0 0 0 -3 0 0 0 -5 0 0 0 0 0 4 0 0 5 0 1 0 0 0 0 0 4 0 0 0 0 0 0 -2 0 0 0 0 5 0 0 0 0
-10 0 0 0 0 0 0 0 3 -5 0 0 -5 0 0 0 0 0 0 0 -1 -1 0 0 0 0 0 0 0 0 -5 3 0 -1 0 0 2 0 0 0 0 0 4 0 0 5 0 0 -5 0 3 0 0 0 2 -1 0 -2 0 0 0 0 0 0 0 5 0 0 2 0 0 0 0 0 0 0 0 0 0 4 0 0 4 0 0 0 -4 -1 0 -3 0 0 0 5 -3 0 0 0 0 0 0 0 0 0 0 0 3 0 0 0 0 5 0 0 0 0 0 0 0 0 0 0 2 0 0 -3 3 1 0 0 0 0 5 2 0 0 0 0 1 3 1 0 0 -5 0 0 0 0 0 0 0 0 0 0 0 0 0 0 0 0 -1 -1 0 0 0 4 0 0 0 0 0 -4 0 0 0 1 -5 0 0 0 0 0 0 0 0 0 0 0 0 0 0 0 0 0 0 0
7 0 0 4 0 2 0 0 0 0 0 0 0 0 0 5 0 5 0 0 1 0 0 0 4 2 0 0 0 0 3 0 -5 0 1 0 0 0 0 0 2 0 0 0 -4 0 0 0 0 0 0 0 0 0 5 0 0 0 0 -4 0 0 0 0 0 0 0 0 -2 0 0 0 0 -3 0 0 0 0 0 4 0 0 -1 2 0 0 0 0 0 0 -5 0 0 -2 0 0 -1 0 0 0 0 0 0 2 0 -5 0 0 0 0 0 0 0 0 -3 0 0 0 0 0 0 0 0 1 0 0 0 0 0 0 0 0 -1 1 0 0 0 -4 0 0 0 0 3 0 0 -3 -3 0 0 0 1 5 0 0 -2 0 0 0 -3 0 0 0 0 0 0 0 0 0 0 0 0 0 -5 3 0 0 0 0 0 0 0 0 0 0 0 0 0 0 5 0 4 1 1 0 0
3 1 0 0 0 0 0 0 0 0 0 0 0 0 0 0 0 -5 -2 0 0 0 0 0 0 0 0 0 0 0 0 0 0 0 0 0 0 -1 0 0 -1 0 0 0 0 0 0 -2 0 0 0 0 0 -3 0 0 0 0 0 0 0 0 0 0 0 0 5 0 0 -4 0 -2 -1 0 0 0 0 0 -2 0 0 0 -4 0 1 0 0 0 4 0 0 0 1 0 0 0 2 0 0 0 0 -1 -1 0 0 0 0 0 0 0 0 0 0 0 -3 0 1 0 0 0 0 0 0 1 0 0 0 0 0 0 0 0 0 0 0 0 0 0 0 3 -5 0 0 0 0 0 0 2 0 0 0 0 0 0 0 -2 0 0 0 0 0 0 1 0 0 0 0 0 0 0 0 0 0 0 0 0 0 0 0 0 0 0 0 0 0 0 0 0 0 0 -4 2 0 4
8 -4 0 0 0 3 0 0 0 0 -4 -5 0 0 0 0 0 3 0 0 0 4 0 0 0 -5 2 0 0 0 0 0 1 0 0 0 0 2 0 0 0 0 0 5 0 -1 0 0 0 0 0 1 0 0 -4 0 0 0 0 0 0 -1 0 0 0 0 0 0 0 0 0 0 0 0 0 0 0 0 0 0 -3 -1 0 0 -4 0 1 0 0 0 0 0 0 5 0 0 0 -5 0 -2 0 0 0 0 0 0 0 0 0 0 0 3 1 0 0 2 -1 0 0 0 0 0 0 0 2 0 0 5 0 0 0 0 -3 0 0 2 0 0 2 0 0 0 0 0 0 0 0 0 0 4 0 0 -2 0 0 0 0 0 0 0 0 0 0 0 0 0 0 0 0 0 0 1 0 0 5 0 0 0 0 0 0 0 -4 0 0 -2 0 0 0 0 0 0 0
1 0 0 -3 0 0 2 0 0 0 -1 -2 2 0 0 2 0 0 0 0 0 0 0 0 0 0 0 0 0 0 0 0 0 0 0 0 0 0 3 0 0 -2 0 4 0 -4 0 0 3 0 0 0 0 0 1 0 0 -2 0 0 0 0 -5 -4 0 0 0 -2 0 0 0 2 0 0 0 0 0 0 0 0 0 0 0 0 0 0 0 0 0 0 0 0 2 0 0 0 -3 0 0 0 0 0 0 0 0 0 0 0 0 0 0 0 -1 0 0 1 -2 0 0 1 -1 0 0 0 -2 0 0 0 0 0 0 -1 0 0 0 -5 0 0 0 0 0 0 0 0 0 -1 0 1 0 2 3 0 0 0 0 0 0 0 0 0 0 0 0 0 0 0 5 0 0 0 0 0 0 0 3 0 0 0 -5 0 0 5 0 0 0 0 0 0 0 0 0 1
10 0 0 0 5 1 0 0 0 0 0 0 0 0 0 -3 -5 0 0 0 0 0 0 0 0 0 0 -5 -3 0 0 -4 0 5 -5 0 0 0 0 0 0 0 0 0 0 3 5 0 0 0 2 0 0 0 -2 0 1 0 0 0 0 0 0 5 0 0 0 0 0 0 0 -5 0 0 0 0 0 0 -3 0 1 0 0 -2 0 0 0 0 -5 0 0 -4 0 0 0 0 0 0 0 0 0 -2 0 2 0 0 0 0 0 0 0 0 0 0 0 0 0 0 0 0 0 5 0 4 0 -4 0 0 1 0 0 0 0 0 0 0 0 0 0 0 0 0 -1 0 0 0 0 1 0 5 3 0 0 0 0 0 0 0 0 0 0 0 0 0 0 0 0 0 0 0 0 0 0 0 0 0 0 0 4 0 0 0 0 0 1 0 0 3 0 0 0
-5 0 0 0 0 0 0 5 0 0 0 0 0 0 0 0 0 0 0 0 0 0 0 0 0 0 0 0 0 0 0 0 0 0 0 0 0 0 0 0 0 0 0 0 0 0 0 0 0 0 0 0 0 0 0 1 0 0 0 0 0 0 0 0 0 2 0 0 0 0 0 0 0 -5 0 0 0 0 0 0 0 0 0 0 -1 0 0 0 -5 0 0 0 0 5 0 -4 0 0 0 2 -2 0 0 0 -1 0 0 0 0 0 5 0 0 0 2 0 0 3 3 0 0 5 0 0 2 0 0 1 0 0 -1 1 0 0 0 0 0 0 0 0 0 0 0 0 0 0 0 0 0 0 0 -2 2 0 0 0 0 -1 0 0 0 0 -1 0 0 0 -2 0 3 0 0 0 0 0 0 0 0 0 0 0 0 0 0 0 0 1 -5 0 -1 0
-8 0 0 5 0 0 0 0 -1 -4 0 0 0 0 0 0 5 5 3 0 0 0 0 0 0 0 3 0 0 0 -3 0 0 0 0 0 1 1 0 0 0 0 0 0 0 0 0 1 -5 -4 0 0 0 0 2 0 0 0 0 0 0 0 0 -3 0 0 0 0 0 1 3 0 4 0 0 0 0 0 0 1 0 0 0 0 1 0 0 0 -2 0 0 0 -1 0 0 0 0 0 0 0 -4 0 0 0 0 -1 3 0 0 0 0 0 0 0 0 0 2 0 0 0 0 0 0 0 -4 0 0 0 4 0 0 0 0 0 0 0 0 0 0 0 0 0 0 0 0 5 0 0 0 0 0 0 0 0 0 -5 0 5 0 0 0 2 0 0 0 0 -5 0 0 -3 0 0 0 -5 0 0 0 0 0 0 2 -3 0 0 0 0 -1 0 0
7 0 0 5 0 2 0 0 0 0 0 0 -3 0 0 0 -2 2 0 0 0 0 0 0 0 0 0 5 0 -1 -5 -5 0 0 0 0 0 0 4 0 0 0 0 1 0 0 0 0 0 0 0 0 0 0 -5 0 0 0 0 -3 0 0 0 0 0 0 0 0 0 0 0 0 4 0 1 2 0 0 3 0 0 0 0 0 -3 0 0 0 0 0 0 0 0 -5 0 0 0 1 0 0 0 0 -5 0 0 0 0 0 -3 -2 5 0 0 0 0 -1 0 5 0 0 0 0 0 0 0 0 -4 0 0 -2 0 0 0 5 0 4 0 0 0 0 0 0 0 0 0 0 -5 0 0 0 3 0 0 0 0 0 0 0 0 0 4 0 0 0 0 0 0 0 4 0 0 -4 4 0 0 0 0 0 0 0 0 0 -1 0 0 5 0 0
1 0 0 0 0 -3 0 0 0 0 2 0 0 4 0 1 0 1 0 0 0 0 -1 5 -5 0 0 -1 0 0 0 0 0 0 0 0 0 0 0 0 0 -5 0 0 0 2 4 0 0 4 0 0 0 0 0 4 0 -1 -3 0 0 0 0 0 0 0 -5 0 0 0 0 0 0 -5 0 2 0 1 -1 -4 0 4 0 0 0 0 0 0 -2 0 0 -1 4 0 0 0 0 5 0 0 0 -4 0 0 0 0 0 0 2 0 0 2 0 0 0 0 0 0 0 5 0 4 0 0 0 0 0 -1 -1 0 -2 0 0 0 0 3 0 -5 -1 0 0 0 2 1 0 0 0 0 0 0 0 4 0 -3 1 0 0 0 -1 0 0 0 2 1 0 0 0 0 0 0 0 0 0 0 0 0 0 0 0 0 0 0 0 0 0 -3 0
1 0 0 0 0 0 0 0 0 0 0 -1 0 0 1 0 0 0 4 4 0 0 0 0 -1 0 0 0 0 -4 0 0 0 0 0 0 0 0 0 5 0 0 0 0 0 0 -4 2 1 0 0 0 0 0 0 0 0 0 0 0 1 0 -4 0 0 0 0 0 0 3 0 0 0 0 0 0 0 0 4 0 0 0 0 0 -5 4 -1 -5 0 -5 0 1 0 0 0 0 4 0 0 0 0 0 0 0 0 0 4 0 -2 0 0 3 1 0 0 0 0 0 0 0 0 1 0 1 0 0 0 0 -1 0 0 0 0 0 0 5 0 -3 1 0 0 2 0 0 0 0 0 0 0 0 0 0 -1 -4 0 0 5 0 0 0 0 0 0 -4 5 0 0 0 0 0 0 0 0 0 0 0 0 0 0 0 3 0 0 0 0 -1
7 0 0 0 3 0 0 0 0 0 0 0 -2 -2 -1 0 0 0 3 0 0 0 4 0 0 0 0 0 0 0 0 0 0 0 0 0 0 0 -2 0 0 0 0 0 0 0 0 0 0 0 0 0 1 0 0 0 0 -1 0 0 0 0 0 0 0 0 0 0 -5 0 0 0 -3 0 0 0 0 0 0 0 0 0 0 0 0 0 0 0 0 0 -5 2 0 0 0 0 0 0 0 0 0 0 4 0 0 -5 0 0 -2 0 0 0 0 0 0 0 1 0 0 0 0 2 0 0 0 3 0 5 0 0 2 0 0 -1 0 0 -5 0 0 2 0 0 -2 0 0 -3 4 0 0 0 0 0 0 0 0 4 4 0 0 0 0 5 0 0 0 0 0 0 0 -5 0 3 0 0 0 0 -1 0 0 0 0 5 -5 0 0
-9 2 0 0 0 0 -3 0 0 0 0 0 0 0 0 0 0 -3 0 0 0 0 0 0 0 -1 0 0 3 0 0 0 0 0 0 0 0 0 0 0 -4 0 0 0 1 0 0 0 0 0 0 0 0 0 0 0 2 0 0 0 1 0 0 0 0 0 0 0 0 0 -1 0 0 0 1 5 0 0 0 0 0 0 0 0 1 -3 0 -1 0 -1 0 0 0 0 0 0 0 2 0 0 0 0 0 0 0 0 0 0 1 0 1 0 -2 0 0 0 0 0 -4 4 0 -5 0 0 0 0 0 0 -5 4 0 0 0 0 0 0 0 0 0 0 0 0 0 0 0 0 0 0 -1 0 -4 0 0 0 0 2 -2 0 0 2 0 0 0 0 0 0 0 0 0 0 0 0 0 0 0 0 0 0 0 0 0 0 0 0
-1 0 0 0 2 0 0 0 0 0 1 0 0 0 -5 1 -4 4 -5 2 4 0 0 0 0 0 5 0 -5 0 0 0 0 0 -2 -2 0 0 0 0 -5 0 0 0 5 2 0 0 0 1 0 0 0 4 0 2 0 0 0 1 -2 0 0 0 0 0 0 -1 0 0 0 5 0 0 0 0 0 0 0 -3 1 0 0 0 0 0 0 0 -1 0 0 0 0 0 -3 0 5 0 0 0 0 5 3 0 0 0 0 0 0 0 0 0 0 0 0 0 0 0 0 0 0 -1 3 0 0 0 0 0 -5 0 0 0 -3 0 0 0 0 -5 0 0 0 0 0 -5 0 0 2 0 0 0 0 0 1 0 0 0 0 -1 0 5 0 0 3 0 0 0 0 -1 4 0 0 0 0 0 0 2 0 0 0 0 0 0 0
4 0 0 4 0 0 0 0 0 2 0 0 -5 0 0 0 -5 0 0 0 0 -4 0 0 1 0 0 0 0 2 2 -3 4 0 5 0 0 0 0 0 4 0 0 0 0 0 -3 0 0 0 3 0 3 0 0 -1 0 0 0 0 0 -2 0 0 0 0 -4 0 0 0 0 0 0 0 0 0 0 -1 0 0 0 0 0 0 -2 0 0 -4 0 0 0 0 0 5 -3 0 -1 0 0 -3 0 0 0 0 0 0 0 3 0 5 -5 0 0 0 0 0 -2 0 1 5 -1 5 0 0 0 0 0 -5 2 0 1 0 0 0 0 0 0 0 0 0 0 0 -2 0 0 4 0 1 0 0 0 0 0 0 0 0 0 0 0 0 0 0 -2 0 0 -1 0 0 -3 0 0 2 0 0 0 0 0 0 -1 1 5 0
5 0 -1 0 0 0 0 0 0 0 0 1 4 0 3 0 0 0 0 0 0 0 0 0 0 0 0 0 0 0 0 0 0 0 0 0 0 0 0 0 0 0 -5 0 0 0 0 0 0 1 0 0 0 0 0 0 0 0 0 0 4 0 0 0 0 2 0 0 0 0 0 0 0 0 2 0 0 4 0 0 0 0 0 0 0 0 0 0 0 2 0 0 0 0 0 0 0 -4 0 0 1 0 0 0 0 0 2 0 0 0 0 0 0 0 0 0 0 0 0 0 0 0 0 0 0 0 0 0 -5 0 0 0 0 0 0 0 1 0 0 0 0 0 0 0 -2 0 2 0 0 0 -1 0 3 0 -1 0 0 0 0 0 0 4 0 -5 0 0 0 0 2 0 5 0 0 0 -4 0 0 0 0 0 0
-10 -4 0 0 0 0 0 0 0 -5 0 0 0 0 0 0 0 0 -2 0 3 0 2 0 0 0 0 0 0 0 1 -2 0 0 0 4 0 0 5 -3 0 0 0 0 0 -4 0 0 0 0 0 0 0 0 0 -2 0 0 0 -1 0 -1 0 0 1 0 0 -5 0 -5 0 0 4 0 0 0 4 0 -5 0 0 0 0 0 0 0 0 0 -2 0 0 0 0 4 0 0 3 4 -2 0 5 0 -2 0 0 0 0 0 0 0 0 1 -4 0 0 0 0 0 0 0 0 0 0 -1 0 0 0 0 0 0 -1 1 0 0 0 0 0 0 0 0 1 -3 -3 0 0 0 0 0 0 0 0 0 -1 0 -4 0 0 -2 0 0 1 5 -5 0 0 0 0 0 0 4 0 0 0 0 0 0 0 0 -1 0
5 0 0 0 0 0 -2 0 0 0 0 0 0 0 0 3 0 0 0 0 0 0 0 0 0 0 0 0 0 0 0 0 0 0 0 0 3 0 0 -2 0 0 0 -5 0 0 0 0 0 5 0 0 0 0 0 0 0 0 5 5 0 3 0 0 0 -3 0 0 0 0 0 0 0 0 0 0 0 0 0 0 1 0 0 0 0 0 0 0 0 0 3 5 -1 0 -1 0 0 0 0 0 0 0 0 0 0 1 -4 0 0 0 0 0 0 0 0 0 0 0 0 0 0 0 0 1 0 -5 -3 0 -4 0 0 0 -5 0 0 0 -5 0 0 0 0 0 0 0 0 2 0 0 -5 0 -3 -3 0 0 -2 -3 -1 0 0 0 0 0 0 0 0 0 0 0 0 0 0 0 0 0 0 0 0 2 5
4 0 0 0 0 0 0 0 0 0 0 0 2 5 -1 0 0 0 0 0 0 0 0 0 0 0 -1 0 4 3 0 0 0 1 0 0 0 0 0 0 0 0 0 0 0 0 0 0 -2 3 0 0 0 4 0 0 2 0 0 0 3 0 -2 0 0 0 0 0 0 0 0 0 0 0 1 0 1 0 0 0 0 0 0 0 0 0 0 0 0 0 0 0 0 0 0 0 0 0 0 0 0 0 0 0 0 -5 0 -5 -1 0 0 0 3 0 0 0 0 0 0 0 -1 0 0 0 -4 -1 0 0 4 0 3 0 0 0 -2 0 1 0 0 0 0 0 0 0 0 0 -2 2 0 0 0 0 0 0 0 2 0 0 -1 0 0 0 0 0 -3 0 0 0 0 0 0 0 0 0 0 0 0 0
-7 0 0 0 0 0 0 0 0 0 0 -2 0 0 0 0 0 3 0 0 0 0 -4 0 0 0 0 0 0 0 0 0 0 5 0 -5 5 0 0 0 0 0 -5 0 0 0 0 0 -4 0 0 -3 0 0 1 0 0 0 -1 -1 0 0 0 -1 0 0 0 0 0 -2 0 0 0 4 1 -4 0 0 0 0 0 0 0 0 0 0 0 0 0 0 0 0 0 0 0 0 0 -5 0 0 0 0 0 0 0 0 0 0 -1 -5 0 0 0 5 0 0 0 0 0 0 0 0 0 0 0 0 0 0 0 4 0 0 0 0 0 0 0 0 0 0 -4 0 5 0 0 0 0 0 0 -5 0 0 0 0 -1 -3 1 0 0 0 -3 0 -1 0 0 0 0 2 4 0 0 0 0 0 0 3 0
1 0 3 0 0 0 0 0 0 1 0 0 0 2 0 4 0 0 -1 -3 0 0 0 0 -4 0 0 0 2 0 3 0 0 1 -1 1 0 0 0 0 0 0 0 0 0 0 0 0 0 0 0 0 4 0 -5 0 3 0 0 0 0 0 0 0 0 0 0 0 0 0 0 0 0 0 0 0 0 0 -4 0 0 0 0 3 -1 -5 0 0 0 0 0 5 0 0 0 0 0 0 0 -2 5 5 0 0 0 0 -3 0 0 0 0 0 0 0 0 3 0 0 0 0 0 0 0 -2 0 -3 0 0 0 0 3 0 1 0 0 0 0 4 0 0 -1 0 0 0 0 0 0 0 0 0 1 0 0 2 0 -1 0 0 0 0 0 0 0 0 0 0 0 0 0 0 0 0 -4 0 0 0
-5 0 0 0 0 0 0 0 0 0 0 0 0 0 0 0 0 0 -2 0 5 0 0 0 0 -2 -3 4 0 4 0 0 0 0 -3 0 0 0 0 0 0 0 0 0 0 0 0 0 0 0 0 0 0 0 0 0 0 0 0 -3 0 0 0 0 0 0 0 0 0 0 0 0 0 0 -2 0 0 0 0 0 0 0 2 0 0 1 0 0 0 0 0 0 0 0 0 0 0 0 0 -3 0 0 0 0 0 0 0 0 -4 0 0 0 0 -4 0 0 0 0 0 0 0 0 0 0 -5 0 0 0 0 0 0 0 0 0 -2 0 0 0 0 0 0 -1 0 0 0 4 0 0 0 0 0 0 0 0 2 0 0 0 -2 0 0 0 0 0 0 0 0 0 0 0 2 0 0 -1 3
7 0 2 0 0 -4 0 0 0 0 0 0 1 0 0 0 0 -2 0 0 0 0 0 0 0 1 -4 0 0 0 0 0 1 0 -1 0 0 0 0 -3 0 0 -2 0 0 0 3 0 0 0 0 0 0 1 0 0 0 0 0 -3 5 0 0 0 0 0 0 2 5 5 0 0 0 -4 0 3 0 0 0 0 0 0 0 0 0 0 -4 0 0 0 0 0 0 0 0 -5 0 0 -3 0 0 0 0 -3 0 3 3 0 0 -1 0 -1 4 0 -5 0 0 0 -1 0 0 -1 -1 0 0 0 0 0 0 0 0 0 0 0 0 2 0 0 0 0 0 0 -1 0 1 0 0 0 -5 0 0 0 0 0 0 0 0 0 0 0 0 0 -2 0 0 0 0 0 -1 0 0 0 -1 0
7 0 0 0 0 0 0 0 0 0 0 0 0 0 0 0 0 3 0 -1 0 0 -1 -4 0 0 0 3 0 0 0 0 1 0 0 4 0 0 0 0 0 0 -2 0 2 0 0 0 0 0 0 0 -5 0 -5 0 0 0 2 0 0 0 0 0 0 0 0 0 -4 0 0 0 0 0 0 0 0 0 0 0 0 -5 0 0 0 0 0 0 -4 0 0 0 0 0 0 0 0 0 0 0 0 0 0 0 1 -1 0 0 0 0 0 0 0 0 0 2 0 0 0 0 4 0 0 0 -2 0 0 0 1 0 0 0 0 1 -1 0 0 5 0 0 0 0 0 0 -5 -2 0 0 0 0 1 0 0 0 0 0 -1 0 1 -2 -2 0 0 0 0 0 0 1 0 0 0 0 0
9 0 0 0 0 1 0 0 -3 0 4 -5 -4 0 0 0 0 -5 0 0 0 5 -1 0 0 0 0 0 2 0 -1 0 0 4 0 0 0 0 0 0 5 0 0 0 0 0 0 0 5 0 0 3 4 0 0 5 -1 0 0 0 -1 -1 0 3 0 -1 0 -5 0 0 0 0 1 0 0 0 0 0 0 0 0 0 0 0 -2 0 0 0 0 0 0 0 0 0 0 0 0 0 0 0 3 -1 0 0 0 5 0 0 0 0 0 0 0 -1 0 0 0 0 0 0 0 3 -5 0 0 0 0 0 0 0 0 2 0 0 0 0 0 0 0 0 2 0 1 0 0 0 0 3 0 0 -5 0 0 0 0 2 1 0 0 0 0 0 0 0 3 0 0 0 4 1 0 -1
-8 -1 0 0 0 0 0 0 0 0 0 0 0 0 0 3 0 0 0 0 0 -4 -1 0 0 0 0 1 3 0 0 0 1 0 -2 0 0 0 0 0 0 0 4 0 0 0 -4 0 0 0 0 0 0 0 -3 0 0 0 0 0 0 0 0 -5 0 0 0 4 0 0 0 1 -1 -5 0 0 0 0 0 0 -3 0 0 0 -5 0 0 0 0 0 0 0 0 0 0 0 0 0 0 1 0 -4 0 0 0 0 0 0 0 0 0 0 0 0 0 0 0 3 0 0 -1 0 0 -3 -1 0 0 0 0 0 0 0 0 -4 0 0 0 0 0 0 2 0 0 0 0 0 0 0 0 0 0 0 0 0 0 0 0 0 0 0 0 0 0 -2 -5 0 5 0 0 0 -4
2 0 0 0 0 -4 -1 0 0 0 0 0 2 0 0 -1 -1 0 5 0 -3 0 0 3 0 0 -5 0 0 0 -2 0 0 0 0 5 0 -4 0 0 0 0 -4 0 0 0 -4 0 0 0 0 0 0 2 0 0 -4 0 0 -4 0 -1 0 0 1 0 0 0 0 0 0 0 0 -4 0 -2 0 0 0 -1 0 4 0 0 0 0 0 0 2 0 0 0 0 0 0 0 0 0 0 0 0 0 5 -3 0 0 0 -2 -4 0 -1 0 0 0 0 0 0 0 0 0 0 0 2 5 0 0 0 0 -3 0 -4 0 -5 0 0 0 1 0 5 1 0 0 0 0 0 0 0 0 0 0 4 0 0 -2 0 0 0 0 0 0 0 0 0 0 0 0 0 0 -4 0
-8 0 0 0 0 1 0 -1 0 0 2 0 -5 0 -3 -4 0 0 0 0 0 0 0 0 0 -1 0 0 0 5 0 4 0 0 -5 0 0 0 0 -4 0 0 0 0 5 0 -3 0 0 0 -3 0 -2 0 5 0 0 0 0 0 0 0 0 0 4 0 0 -1 0 0 0 0 0 3 0 0 0 0 0 0 0 0 0 0 0 0 0 0 0 0 0 -1 0 -1 -5 0 0 2 0 0 0 0 0 0 0 0 0 0 0 0 4 0 0 0 0 0 0 4 0 1 0 0 0 2 0 0 -5 1 0 0 0 -1 0 0 0 0 0 0 0 0 0 0 -1 -2 0 0 0 0 -1 0 0 0 0 -1 5 1 0 0 0 0 4 0 -5 0 0 5 0 0 0
9 0 0 2 0 0 0 0 0 0 0 0 0 0 0 -2 0 0 0 0 0 0 0 0 -5 1 0 0 4 5 0 5 0 0 0 0 0 0 2 0 0 0 0 0 0 0 0 0 0 0 1 -2 0 1 0 4 0 0 0 3 0 0 1 0 -5 0 0 0 0 0 3 -1 0 0 0 0 4 0 4 0 -1 0 0 0 4 3 0 0 0 1 0 0 0 0 1 4 4 0 0 3 0 0 0 0 0 -2 -1 0 0 0 2 0 3 0 0 0 0 -5 0 0 0 0 4 0 4 3 0 0 0 -2 0 0 0 3 0 0 0 0 0 0 0 0 0 0 0 -2 0 0 0 0 0 0 0 -2 0 0 0 3 0 0 -1 -3 0 0 0 0 0 0
3 0 0 0 1 0 0 0 0 0 1 0 0 0 -1 0 1 0 0 0 0 0 0 0 5 -3 0 5 -4 0 2 0 0 0 0 0 -4 0 0 0 0 3 0 0 0 1 0 0 1 0 -3 0 -3 0 0 0 -1 0 0 0 0 0 -5 0 -1 0 2 1 0 0 -1 0 0 0 3 0 0 0 0 0 0 0 0 0 0 5 0 5 -2 -1 0 0 4 2 0 0 0 0 4 0 4 0 0 0 0 -4 1 0 0 0 0 0 0 0 0 0 0 3 0 -5 0 0 0 0 -3 4 0 0 0 5 0 0 -4 0 0 0 0 0 0 0 0 0 0 0 0 0 0 0 0 2 -4 0 0 0 0 0 0 0 0 0 0 -4 0 0 0 0 4
-7 0 0 -2 0 0 0 0 0 0 0 0 0 1 -1 0 0 0 4 -1 0 0 0 0 0 0 0 -1 0 0 0 0 1 0 0 -3 -1 1 0 0 0 0 0 0 0 0 -2 -1 4 0 -3 0 -2 0 0 0 0 5 -4 0 0 1 0 0 0 0 0 0 0 0 0 0 0 0 1 -2 0 0 0 -2 0 5 0 -2 0 -1 0 0 0 -5 0 0 2 0 0 0 0 0 0 0 5 1 -1 0 0 -1 3 0 0 0 0 0 0 0 0 0 0 0 0 0 0 0 0 0 0 0 4 0 2 3 0 -3 0 0 0 0 0 4 0 0 0 0 -2 0 0 0 0 0 0 0 0 0 -3 0 0 0 0 0 0 0 0 0 0 -3 0 0
-8 0 0 0 0 0 0 0 0 0 0 0 0 5 4 5 0 0 0 0 0 0 0 0 0 0 0 0 0 0 0 0 0 0 0 0 0 0 0 0 0 4 0 0 0 0 0 3 0 0 0 0 0 1 0 0 0 -3 0 1 0 0 0 0 0 0 1 0 0 0 0 0 0 0 0 0 0 0 0 0 0 0 0 3 1 0 0 0 0 0 0 0 0 0 0 0 0 0 3 0 0 0 2 0 0 0 0 -2 4 0 0 -5 0 0 0 0 0 0 4 0 0 0 0 0 0 0 4 0 0 0 0 0 0 0 0 0 0 0 0 0 0 3 0 0 0 1 0 0 0 0 4 0 0 0 0 0 0 0 0 -1 0 0 -1 0 0
5 0 0 -3 5 3 0 0 1 -1 0 0 0 0 0 2 0 0 0 -1 0 0 0 0 0 0 0 0 -3 0 0 0 0 0 5 0 0 0 0 0 0 0 0 2 0 0 0 0 0 0 0 5 4 1 0 0 0 4 2 0 0 0 0 0 0 0 -4 -5 0 0 0 0 1 0 0 1 0 -2 0 0 0 0 0 0 0 0 0 0 5 0 0 0 0 0 3 -5 0 0 0 0 -1 0 -1 0 0 0 5 -3 0 1 0 0 0 0 2 4 0 4 0 0 0 0 0 0 0 -5 0 3 0 1 0 0 0 0 0 0 0 0 0 0 0 0 0 0 0 0 0 0 0 0 0 0 0 2 0 0 0 0 4 2 4 2 0 0
6 0 1 0 0 0 0 0 0 0 0 0 0 0 0 0 0 0 0 0 0 0 0 0 0 0 5 3 0 -4 0 0 0 0 0 0 0 0 -1 0 0 0 0 0 0 -1 0 0 2 0 0 0 -4 0 0 0 0 0 0 0 0 0 0 0 0 0 0 0 3 -4 0 0 0 0 0 0 0 0 0 0 0 0 0 0 5 -2 0 0 0 1 0 0 0 0 -3 0 -3 0 0 0 -2 0 0 0 0 0 0 0 0 0 0 0 0 0 0 3 0 3 -5 0 -1 0 0 0 0 3 0 0 0 -3 0 0 0 -5 0 -2 0 0 0 0 0 0 0 0 4 0 0 0 0 0 0 0 1 0 0 0 0 0 2 0 -1 0 0
-7 -4 0 0 0 0 0 0 0 0 -4 0 0 4 0 0 0 0 -5 0 0 0 0 0 -1 0 0 0 0 0 0 2 0 0 0 -1 0 -1 -1 -2 -4 0 0 0 0 1 0 -1 0 0 -2 0 0 0 0 0 0 0 0 0 0 0 0 0 0 0 2 0 0 2 0 0 0 0 -3 -5 0 0 0 0 0 0 0 0 0 0 0 0 0 0 0 0 4 -5 0 0 0 0 0 0 0 0 0 0 0 0 0 0 0 0 0 0 0 0 0 0 0 0 0 0 -5 0 0 0 1 0 0 0 0 -1 0 0 0 1 -3 0 -3 0 0 1 1 0 0 0 0 0 0 0 0 0 0 0 0 0 4 0 0 0 0 2 0 0
2 0 0 0 0 0 0 0 0 0 -4 3 0 0 0 -2 -4 0 0 0 0 0 -3 0 0 0 0 0 0 0 -3 5 -5 0 -4 -2 2 1 -5 0 0 0 3 1 0 0 0 0 0 0 0 0 -4 0 0 -1 0 0 0 0 0 0 0 0 0 0 0 1 0 0 0 0 0 0 0 0 0 -5 0 0 0 0 -1 0 0 0 -4 0 0 0 0 0 0 0 0 0 0 0 0 0 5 0 0 0 0 5 0 0 0 0 0 0 0 -5 -1 0 0 0 0 0 0 0 3 0 0 0 -1 0 0 0 0 0 1 0 0 0 0 0 0 0 0 0 -5 0 0 0 0 0 0 0 2 0 0 0 0 0 0 -2 0 0 0
-6 0 0 0 0 0 0 0 0 0 0 0 0 -1 0 0 0 0 -1 0 0 1 0 0 0 0 0 0 5 0 0 0 0 0 0 0 0 -4 0 0 0 0 1 0 0 0 0 0 -3 1 0 0 0 0 0 0 0 0 0 0 0 0 0 0 0 0 0 0 1 0 -2 0 0 0 0 0 1 0 0 -5 0 -1 0 0 0 0 0 0 0 4 0 0 0 0 0 0 0 0 0 0 0 0 0 0 0 0 0 0 2 0 4 0 0 0 1 0 -2 0 0 0 0 0 0 0 0 0 0 0 -4 0 0 0 0 -5 0 1 2 0 0 1 0 -2 0 0 0 0 0 0 5 0 0 0 -5 0 5 0 0 -3 -2 0
-5 0 0 2 0 1 0 0 0 0 -4 0 -5 0 0 0 0 0 0 0 0 0 0 0 0 0 0 0 0 0 1 -4 -5 0 0 0 0 0 0 4 1 0 0 0 0 0 0 -2 0 0 0 0 0 0 0 0 0 0 0 0 0 -4 0 0 5 0 1 0 0 -1 0 0 0 0 0 -5 0 -5 0 0 0 0 0 0 0 -2 0 1 0 -1 5 0 0 0 0 0 0 0 0 0 0 0 -4 0 0 0 0 0 1 0 0 1 -1 0 3 2 0 0 0 0 0 0 0 0 0 0 0 2 0 4 0 0 0 1 0 3 0 0 3 0 3 0 -5 0 0 -2 0 0 0 0 0 0 0 0 0 0 0 0 0
3 0 0 0 0 0 0 0 0 0 0 0 0 4 0 -1 0 0 0 0 0 0 0 0 0 -1 0 -1 0 0 0 0 0 0 0 0 -2 0 0 0 -5 0 0 0 0 -2 -3 0 0 3 0 0 1 0 -2 0 0 0 0 0 0 0 1 0 0 0 4 0 0 0 0 -1 0 0 0 0 0 0 0 0 0 0 0 0 1 4 0 0 0 0 -1 0 0 0 0 0 0 0 0 0 0 0 2 0 0 0 0 0 0 0 0 -1 0 1 0 0 0 0 0 0 -5 0 0 0 0 0 0 0 -4 1 0 0 0 0 0 0 -1 1 0 1 0 0 4 0 0 0 -2 0 0 0 0 0 0 0 0 0 0 4
7 0 0 0 4 5 -2 0 0 0 0 -3 0 0 0 0 4 0 0 0 0 0 0 0 0 1 0 3 0 0 1 0 0 0 0 0 0 -1 0 0 0 -1 2 0 0 4 0 0 0 0 0 0 0 0 0 0 0 0 0 0 2 0 -2 0 0 0 0 1 0 0 0 0 0 0 0 0 0 0 -3 0 0 0 1 -1 0 0 -5 0 0 0 0 -4 0 0 3 -1 0 0 0 2 0 -4 -2 0 0 0 0 0 0 0 2 2 0 0 0 3 0 0 0 -3 4 2 0 0 5 0 0 0 0 -4 -4 0 0 0 -1 0 0 0 0 0 -5 0 0 0 0 0 0 0 0 0 3 0 0 0 0 -2 0
9 0 0 2 0 0 -1 0 0 0 0 0 0 0 -2 0 0 0 0 0 0 0 1 0 0 0 0 0 0 -4 0 1 0 0 0 0 0 0 0 4 0 0 0 0 0 0 0 0 0 -2 0 0 0 -2 0 0 0 0 0 0 0 0 -3 0 0 -1 0 0 0 0 -4 4 0 0 0 0 -2 3 0 -5 0 0 0 0 0 0 0 0 0 -2 0 0 1 0 0 -2 0 0 1 -2 0 0 0 -4 0 5 0 0 2 -1 0 2 0 0 4 0 0 0 -2 0 0 -3 0 -5 0 -2 0 0 0 0 0 -1 0 0 0 0 0 -5 5 0 0 -5 3 2 0 -1 3 0 2 4 -1 0 -3 0 0 0
8 0 0 0 0 0 0 5 0 0 0 0 2 4 0 0 0 -1 0 0 0 0 0 0 2 0 0 0 0 0 5 0 3 3 0 0 0 2 0 0 -2 4 0 -2 0 -3 0 0 0 0 0 -4 -2 0 -4 0 5 0 0 0 -1 0 0 0 0 0 -4 4 0 0 0 0 0 0 0 0 0 0 0 0 0 0 2 0 0 5 0 0 0 0 4 0 0 -1 0 0 0 0 0 -3 0 -1 0 0 0 0 0 0 4 0 0 0 4 0 1 0 0 0 0 0 0 0 0 0 0 0 0 0 0 -3 0 0 -1 0 0 0 0 0 0 0 0 0 -4 0 0 3 0 0 0 0 0 -5 0 0 0
6 0 0 0 0 0 -4 0 -3 0 -4 0 0 0 0 0 -1 0 0 -4 0 0 0 1 0 0 1 0 0 0 0 0 0 4 0 0 0 -1 0 0 0 -2 0 0 0 0 0 0 -5 0 0 0 0 0 0 0 0 0 0 0 0 0 0 -5 0 0 0 0 0 0 0 0 0 0 0 0 0 0 0 0 0 0 0 1 0 0 0 0 0 0 -1 0 0 0 0 4 0 0 0 0 0 0 0 0 0 0 0 0 0 5 0 0 -1 0 0 0 1 0 0 0 0 0 0 0 0 -4 0 0 0 0 0 0 0 0 -1 0 0 0 0 0 0 0 0 3 0 0 0 0 0 0 -4 0 0 0
-3 1 0 0 0 0 0 0 0 0 0 0 0 0 0 0 0 -5 0 0 0 0 0 0 0 0 4 0 0 0 0 0 0 0 0 -4 0 0 1 0 0 0 0 -1 0 0 0 1 0 0 0 0 0 0 0 0 0 0 0 0 0 0 0 0 0 0 0 0 -3 0 0 0 0 0 0 0 0 0 0 0 0 0 0 0 0 -5 -1 1 0 0 0 0 -4 0 2 0 0 0 0 0 0 0 0 0 0 0 3 0 -2 0 0 0 2 0 0 0 0 5 0 0 0 0 0 0 0 0 0 2 0 0 0 2 0 0 -2 0 0 0 0 2 0 -4 0 0 0 0 0 0 0 0 0 -3 0
7 0 0 0 0 0 1 0 0 0 0 0 0 -3 2 0 0 0 0 0 0 0 0 0 0 0 0 0 0 0 0 0 3 -3 0 5 0 0 0 0 4 0 0 0 0 0 0 0 0 0 0 0 0 2 0 0 0 0 0 0 0 -2 0 0 0 -1 0 0 0 3 0 -1 0 3 0 0 0 0 0 0 0 0 0 0 1 0 0 0 -2 0 0 3 -2 0 0 0 -4 0 0 0 0 0 0 0 0 0 0 0 0 0 0 0 0 0 0 0 0 0 0 0 0 4 0 0 0 0 5 0 0 -4 -1 0 0 0 0 0 1 3 0 0 0 0 0 0 0 0 0 -3 0 0 0 0
1 0 0 0 -4 0 0 0 0 0 4 0 0 0 0 0 2 -1 0 0 0 0 0 0 0 0 0 0 1 -4 -1 0 0 0 0 -2 -1 0 0 -2 0 0 5 2 0 0 0 0 0 0 0 0 0 0 0 -1 0 0 0 0 3 0 0 0 0 0 0 0 0 -5 0 0 0 0 0 0 0 0 0 0 0 0 0 0 0 0 0 0 4 0 0 0 0 0 0 0 0 5 0 0 4 -1 0 0 0 0 4 -1 0 2 5 0 0 3 0 0 0 0 0 0 0 0 0 0 0 0 0 -1 0 0 0 1 0 0 0 0 0 0 0 0 0 -1 0 0 0 0 0 -4 0 0 0
1 -2 0 -2 0 0 0 0 0 1 3 0 1 0 0 0 0 -3 0 0 0 0 0 0 0 0 -5 0 0 0 0 0 0 0 0 0 -4 0 0 0 4 0 0 0 -1 0 0 0 0 -3 0 2 0 0 0 0 0 0 0 2 0 0 0 0 0 0 1 0 0 -3 0 0 -3 -4 0 1 0 0 -1 0 0 0 0 0 0 -1 0 0 -5 0 0 2 0 0 0 0 0 0 0 0 0 0 0 0 -2 0 0 0 0 0 -5 0 0 -2 0 0 0 0 0 0 0 4 0 0 -1 0 1 0 0 0 -2 5 0 0 0 0 -2 -4 0 0 0 0 0 0 0 0 0 0 0 0
-1 0 0 1 0 -1 0 0 0 0 0 0 0 0 0 -4 -1 0 0 0 0 0 0 0 0 0 0 0 0 -5 1 0 0 0 0 -1 0 0 0 0 -2 0 0 0 0 0 0 0 5 0 0 0 -3 -2 0 0 0 0 0 -1 0 0 0 0 0 0 0 0 0 0 0 0 0 0 0 0 0 -1 0 0 0 -5 0 1 0 0 0 5 0 0 -3 -5 0 0 0 3 1 0 0 0 -2 0 0 0 0 0 0 0 0 0 0 0 0 0 0 0 0 -4 0 5 0 0 -1 0 0 -5 0 -5 0 -4 -1 0 0 0 0 0 0 0 0 5 0 0 0 0 0 3 0 0 0
4 -4 0 0 0 0 0 0 -2 0 0 0 0 0 0 5 0 0 0 0 0 0 0 0 0 -4 0 0 0 0 0 0 0 0 0 0 2 0 0 0 0 1 0 0 -3 0 0 0 0 0 0 0 1 0 0 0 0 0 0 0 3 0 -4 0 0 5 0 0 0 0 -4 -3 0 0 2 0 0 -4 0 0 0 0 1 0 -4 2 0 0 0 0 -2 0 0 0 0 0 0 0 0 0 0 0 0 0 0 0 0 0 4 0 0 0 0 0 0 -4 0 3 0 0 0 0 0 0 0 2 0 0 -3 0 0 0 0 0 0 0 0 0 0 0 0 0 0 0 0 0 0 0
-8 0 0 3 0 -3 0 -3 -4 0 -5 0 0 0 0 0 2 4 0 0 0 5 0 0 1 0 0 0 0 0 0 0 0 0 0 0 0 0 0 0 1 0 0 1 0 0 0 0 0 0 0 0 0 0 3 0 0 0 0 0 4 1 0 0 -5 5 0 0 0 0 0 -3 0 0 5 0 -1 0 0 0 0 0 0 0 -4 -4 0 0 0 0 -5 0 0 0 0 0 0 0 -4 0 0 0 0 0 1 0 1 4 1 -1 0 -5 0 -4 0 0 0 -3 0 0 0 0 0 0 0 0 4 0 0 0 0 0 0 0 0 4 0 0 0 0 0 -3 -3 0 -2 0 1
3 0 0 0 0 0 0 1 0 0 -1 0 0 1 0 0 3 0 0 -3 0 0 0 0 0 0 -3 0 0 0 0 0 0 0 -4 0 0 0 0 0 0 -1 0 0 0 -5 -2 0 0 -2 0 -4 -2 0 0 0 0 0 0 0 0 -4 0 0 0 0 4 0 0 -3 0 0 0 0 0 1 0 0 0 0 -2 0 0 0 0 0 0 0 -2 0 -4 -1 0 0 0 0 0 0 0 0 0 0 0 0 2 0 0 0 0 0 0 1 0 0 0 0 0 0 0 0 0 0 0 0 0 0 0 0 0 0 0 0 0 0 0 0 0 0 0 5 0 0 0 0 1 0
9 1 5 0 0 0 0 4 0 0 0 0 0 0 0 0 0 0 0 0 0 0 0 3 0 0 0 0 1 0 0 0 0 0 2 0 0 0 0 0 1 0 0 0 1 0 -2 0 0 0 0 0 0 0 -1 -5 0 1 0 0 0 0 0 0 0 0 0 0 0 0 0 3 0 0 0 0 0 0 0 0 0 0 0 0 0 -1 0 3 0 0 0 0 0 0 0 0 0 0 -4 0 0 0 0 -2 0 0 0 0 0 -5 0 0 0 -1 0 0 0 0 -1 4 0 1 -1 -3 2 -1 0 0 0 0 0 0 -3 2 0 0 0 0 -2 0 0 0 0 0 0
9 0 0 0 0 0 -2 0 -3 0 4 5 2 5 5 0 0 0 0 0 -3 0 0 0 -4 0 -2 0 0 1 0 0 0 0 0 -4 0 0 0 0 0 0 0 0 0 0 0 0 -5 0 0 -2 -1 0 0 0 0 0 0 0 0 5 0 0 0 2 0 0 5 2 0 0 0 0 -5 0 0 0 0 0 0 0 0 0 0 0 0 0 0 0 -1 -2 0 0 0 0 0 0 0 0 0 0 0 4 1 0 0 0 0 0 0 0 0 0 0 0 0 0 1 0 1 0 0 0 0 0 0 0 0 0 0 0 0 0 0 0 0 0 0 0 0 0 -5 0
-5 0 1 4 0 -2 0 0 0 3 0 4 0 0 -2 -5 0 0 0 5 0 0 0 0 0 0 0 0 0 0 0 5 -3 -1 0 0 0 0 0 0 0 0 0 0 0 0 0 0 0 0 0 0 0 0 0 0 0 0 0 0 0 -1 0 0 0 0 0 0 0 -5 0 0 0 0 0 0 -4 0 0 0 0 0 -3 -3 4 3 0 0 0 0 0 0 0 0 0 0 -5 0 0 0 -1 0 0 0 0 0 0 0 0 0 -5 0 0 0 2 0 0 0 0 0 0 0 0 0 0 0 -2 0 0 0 3 0 1 -1 0 0 0 0 0 0 0 0 0
-10 3 0 0 3 -1 0 0 0 -1 0 0 0 0 0 0 0 -1 0 0 0 0 0 0 0 0 0 0 0 0 0 0 0 0 0 0 1 2 0 0 0 0 0 3 -1 -3 0 0 0 0 0 0 0 -1 0 0 0 0 0 0 0 0 0 0 0 0 -1 -4 0 0 0 0 0 0 0 0 0 1 0 0 -3 0 0 0 -3 -4 0 0 0 1 0 0 0 0 0 0 0 0 0 0 0 0 0 0 0 1 0 0 4 0 0 0 0 0 2 0 0 0 0 0 -5 0 0 0 0 0 -3 0 0 0 0 0 2 0 5 0 0 0 0 0 0 0
1 0 0 0 0 0 0 0 0 0 0 0 0 0 0 0 0 -1 0 -2 0 0 0 0 0 0 0 0 0 0 0 -1 -3 0 0 0 0 0 0 0 0 0 0 0 5 0 0 -3 0 0 -5 0 0 0 0 0 0 0 0 0 0 0 0 -4 0 0 0 0 0 0 0 1 0 -2 0 -4 1 0 0 0 0 0 0 0 0 4 0 0 0 0 0 -5 0 0 0 0 0 0 0 0 0 0 0 0 0 0 0 0 0 0 0 5 0 0 0 0 0 0 0 0 0 0 -5 0 0 0 0 0 0 0 0 0 0 0 0 -3 -3 0 0 0 0
-5 0 0 2 -5 -3 0 0 0 0 0 0 0 0 -1 0 -2 0 -2 0 0 0 0 -5 0 0 0 0 5 0 0 0 0 0 0 0 0 0 3 0 0 1 0 0 0 0 0 0 0 0 1 0 0 0 0 0 0 0 0 0 -2 0 -1 0 -1 0 0 -5 0 0 -3 0 0 0 0 0 0 5 0 0 0 -3 0 0 0 0 0 0 0 3 0 0 -3 1 0 0 -4 0 0 0 0 5 0 0 0 -2 -1 0 0 1 0 -3 0 0 0 0 0 -2 3 0 0 0 -2 0 0 0 0 0 -4 0 0 0 0 -3 0 0 0 0 0 2
-5 0 0 0 0 -4 2 0 0 0 0 -2 0 0 0 -1 0 0 0 0 0 0 4 0 0 0 0 0 0 0 0 0 0 0 0 0 3 0 0 0 0 -5 0 0 -1 0 0 0 0 0 0 0 2 0 -5 0 0 0 1 0 0 0 0 0 0 3 0 5 -5 0 0 0 0 0 0 0 1 0 0 0 0 0 3 0 0 2 -5 0 0 0 -5 0 0 0 0 0 0 0 0 0 5 0 0 0 0 0 0 0 0 0 0 0 3 0 0 0 5 0 0 0 0 0 0 0 0 0 0 0 0 0 0 0 0 0 3 0 0 0 0
-2 4 0 0 0 -1 0 5 0 0 1 0 0 0 0 0 0 1 0 0 -3 0 0 0 0 0 -1 0 0 0 -5 0 0 0 0 0 0 0 -5 0 0 -1 0 0 0 0 0 5 -3 0 0 0 0 1 0 0 0 0 0 0 -2 0 0 0 -3 0 3 0 0 0 0 0 0 0 0 -3 0 0 0 -1 0 0 0 0 0 0 0 0 0 0 0 1 0 0 1 0 -2 0 0 -5 0 0 0 -5 0 0 0 0 0 0 0 0 0 0 0 0 0 0 0 0 0 0 1 0 2 4 0 0 0 0 3 0 0 3 0 -1 0 0
-2 0 0 0 0 1 0 0 0 -2 0 0 0 0 -5 0 -1 0 -1 0 0 0 0 0 0 3 0 0 0 -2 4 0 0 0 0 0 4 0 0 0 0 1 -3 0 1 0 2 0 0 0 0 -5 0 0 0 0 0 0 -3 0 0 0 -5 0 -1 0 -5 0 0 0 0 0 0 0 0 0 0 0 0 0 0 0 0 0 -5 0 0 5 0 0 -1 0 0 0 0 0 0 3 0 0 0 4 0 2 5 -2 0 0 0 0 -4 0 0 -3 0 -2 4 1 0 0 -3 0 0 0 0 0 0 0 0 0 0 0 0 -2 0 -4 0
1 0 0 0 0 0 0 0 0 0 0 -2 0 0 0 3 0 0 0 2 5 0 0 0 0 0 0 0 0 0 0 0 2 0 -2 0 -4 0 -3 0 -1 -1 0 0 0 0 0 0 -1 0 0 0 -5 0 0 0 0 2 0 0 0 0 0 0 0 0 -5 0 0 0 0 0 1 0 0 0 0 0 0 0 0 0 0 0 0 -5 -5 1 0 4 0 0 3 0 0 1 0 0 0 0 0 4 1 1 0 0 0 0 0 0 1 0 1 0 0 0 0 -3 0 0 0 0 0 0 -3 0 0 0 0 -3 0 0 0 0 0 0
10 4 0 0 0 0 0 0 0 4 0 0 0 0 0 0 0 0 2 3 -2 0 0 -3 4 0 0 0 0 0 0 3 0 0 0 -5 1 0 0 0 0 0 0 0 0 -5 0 0 0 0 0 0 0 0 0 0 0 0 0 0 0 -4 0 0 0 0 0 0 0 0 0 0 0 0 0 0 0 0 0 0 0 0 0 0 0 2 0 0 0 0 -4 0 0 0 0 0 0 4 0 0 0 0 3 0 0 0 0 0 0 4 -2 0 0 0 -1 0 0 0 0 0 0 -1 0 -1 0 0 0 0 -1 0 0 0 0 4 0
1 -4 0 0 0 0 0 0 0 0 0 0 -3 0 0 0 0 0 -2 0 0 0 1 0 0 0 0 0 -1 0 0 0 0 0 -5 0 0 0 0 0 0 0 4 0 0 0 3 0 0 -1 0 0 0 0 0 0 0 5 0 0 1 0 0 0 2 0 0 0 0 0 0 2 0 -4 0 -2 0 0 0 0 -5 0 0 0 1 0 0 0 0 0 0 0 0 3 0 0 0 0 0 4 0 0 0 0 2 0 0 0 0 0 -3 0 0 0 0 1 0 0 -4 0 0 0 0 0 0 2 -5 -3 0 0 0 0 0 0
-4 0 0 -3 0 1 0 0 0 0 0 0 1 0 0 0 0 0 0 0 0 0 0 0 0 0 0 0 0 0 -1 -5 0 0 5 0 0 0 0 2 0 -3 0 0 0 -5 0 0 0 0 0 0 0 0 0 0 4 0 0 0 0 -1 0 0 0 0 0 0 -2 3 1 0 -1 0 0 0 0 0 0 0 0 0 0 0 0 0 0 0 0 0 1 0 0 -1 0 -2 0 -2 0 2 0 0 0 0 0 0 0 0 4 0 0 5 0 -1 0 0 0 4 -2 2 0 0 0 0 0 3 0 0 0 0 0 0 0
-7 -4 0 0 0 0 5 -3 0 -1 0 0 0 0 1 0 0 3 0 0 -1 -3 0 0 0 0 0 0 0 0 0 -3 5 0 -3 0 0 0 0 0 0 0 0 0 0 0 -5 0 0 0 0 0 5 0 0 0 0 0 0 -4 0 3 0 -3 0 0 0 0 0 0 -4 0 0 0 0 0 0 0 0 0 4 2 4 0 0 0 0 0 0 0 0 0 0 0 0 -1 0 0 0 0 0 0 0 0 -2 0 0 -4 0 0 -2 0 0 0 0 0 0 0 0 -5 0 0 0 0 0 0 0 0 1 0 0 -1
-10 0 -4 0 0 -1 -1 0 1 0 0 0 0 0 0 0 0 0 0 0 0 0 0 0 2 0 0 0 0 0 0 0 0 0 0 0 0 0 0 0 1 0 0 0 5 -3 0 0 0 0 0 0 0 0 0 0 1 0 0 -4 0 0 0 0 0 0 0 -4 0 0 0 0 0 0 0 -2 0 0 0 0 0 0 0 0 -2 0 -5 0 0 0 0 1 0 0 0 0 0 0 -2 0 0 0 0 3 0 0 0 0 0 0 1 0 0 0 0 0 2 0 0 0 0 5 0 0 0 5 -4 0 2 0 0
-4 0 0 0 0 -3 -1 4 4 0 -1 0 0 0 0 0 0 0 0 0 0 0 0 0 0 2 0 0 0 0 -2 0 0 0 0 3 3 0 0 0 0 0 0 0 0 0 0 -5 0 0 0 0 0 -5 0 0 0 0 0 0 0 0 0 0 0 -5 0 0 0 0 0 0 0 0 3 0 -3 -1 0 0 0 0 2 0 0 0 -2 0 0 0 0 0 0 -4 0 3 -1 -1 0 0 0 3 0 0 0 0 0 0 5 0 0 0 0 0 0 0 0 0 0 0 0 -3 -1 -1 0 0 0 0 0 0
4 0 -3 0 0 0 0 0 0 3 -1 0 0 0 0 0 0 0 0 -2 0 4 4 0 0 0 0 0 0 0 0 0 0 0 4 0 -1 0 0 0 5 0 0 0 0 0 0 0 0 4 0 0 0 -1 0 0 0 0 0 4 0 0 0 0 0 0 0 0 0 0 0 0 0 0 0 0 0 0 0 -5 -2 -2 0 0 0 0 0 0 0 0 0 0 0 0 0 0 0 0 0 0 0 0 0 0 0 0 0 0 0 -1 0 0 0 0 0 -2 0 0 0 0 0 0 0 0 -3 5 0 0 2
10 0 0 -2 0 0 0 0 0 5 0 -1 0 0 0 0 0 5 0 0 0 0 0 0 0 0 0 0 3 0 0 1 0 0 0 0 0 0 0 0 0 0 0 0 0 0 0 0 0 0 0 0 0 0 0 0 0 0 0 0 0 -1 0 0 0 0 0 0 0 0 0 0 0 0 0 -5 -2 0 0 4 0 0 5 0 0 0 0 0 0 0 0 0 0 0 0 0 0 0 0 0 0 1 1 0 0 0 0 0 0 0 0 0 0 0 0 0 0 0 0 0 0 4 0 -1 0 0 1 0
3 0 0 0 0 0 -1 -3 0 0 0 0 1 0 0 0 0 -5 0 3 0 -1 0 1 0 0 0 5 0 0 0 0 0 3 0 3 0 0 0 0 0 0 0 1 0 0 0 -1 0 0 0 0 0 0 0 0 0 0 0 5 0 1 0 0 0 0 0 0 3 0 0 0 0 -4 0 -1 0 0 0 0 0 0 0 0 0 0 0 -3 -2 0 5 0 0 0 0 0 0 -1 0 0 0 -5 0 0 5 0 0 -1 0 0 0 1 0 0 0 1 0 0 0 0 0 1 0 0 -4 0 0
2 -5 0 0 0 3 0 -2 0 0 0 0 0 0 0 0 0 -1 0 3 0 -1 0 0 3 0 0 0 0 0 0 0 5 0 0 0 0 0 0 0 -2 0 0 0 0 0 0 0 0 0 0 -3 0 0 0 -1 0 0 0 0 0 0 0 0 0 0 0 0 0 0 0 1 0 0 0 0 0 0 0 0 0 0 0 0 0 0 0 0 0 1 0 -2 0 0 0 5 0 0 4 0 -4 0 0 0 0 0 5 0 0 0 0 0 0 0 0 0 0 0 0 0 0 4 0 0 0 0
-9 0 0 0 0 0 0 0 3 0 0 -2 -4 5 0 0 0 0 3 0 0 0 0 3 5 0 0 -1 0 0 0 0 0 0 0 0 0 0 0 0 1 0 0 0 5 0 0 0 3 0 -2 0 0 0 0 0 0 0 0 0 0 1 4 0 0 2 2 0 0 0 0 0 0 2 0 0 0 0 -3 0 0 0 0 0 0 -5 0 0 0 0 0 0 0 0 0 0 0 0 -2 0 0 0 0 0 0 0 0 0 0 0 0 0 -3 5 0 -1 0 0 0 0 0 0 0 0 0
-9 -5 0 0 0 -5 0 0 0 0 0 0 0 -2 0 0 0 0 0 -3 5 0 0 0 0 0 -5 -1 -1 0 0 -1 0 0 0 0 0 0 0 0 0 -5 0 0 0 3 0 0 5 0 0 -2 0 0 0 0 0 0 0 0 0 0 0 0 0 0 0 0 0 0 0 4 0 0 0 0 0 0 3 0 -1 0 0 0 0 0 -1 0 0 0 0 0 -5 -1 4 0 0 0 0 0 0 1 0 -1 0 0 0 5 0 -1 0 0 -5 0 0 2 0 0 0 0 -1 0 -2 0
5 0 -1 -3 0 0 1 0 0 0 0 0 -3 3 0 0 0 0 0 0 0 0 -1 0 0 0 2 0 0 0 -1 1 0 0 0 0 -4 -2 0 0 0 3 3 0 0 0 0 0 0 0 3 1 0 0 -2 0 0 0 0 0 0 0 0 3 0 4 0 0 0 0 -1 2 0 0 2 0 0 0 0 -4 -1 -5 0 1 5 5 0 0 0 0 0 0 0 0 0 0 0 0 -2 0 0 5 2 -1 0 0 0 -4 0 1 0 0 -5 0 0 0 -3 0 2 0 0 0 0
-6 0 0 0 0 0 -2 0 0 0 0 0 5 0 0 0 3 0 0 0 0 0 0 0 0 0 0 0 0 0 0 0 0 0 0 0 0 2 0 0 0 0 0 0 -1 2 0 0 0 0 0 0 0 0 0 0 0 0 0 0 0 0 0 0 0 0 0 1 0 -4 0 0 0 0 0 0 0 0 0 0 0 0 0 0 0 0 0 0 0 0 -5 0 0 0 -1 1 0 0 0 0 0 -3 0 0 0 -3 0 0 0 0 -3 0 0 0 0 0 0 0 0 0 0 5
8 0 0 0 0 0 0 0 0 0 0 1 0 0 0 0 0 0 -1 0 0 0 0 -3 0 0 0 0 -4 0 -1 0 0 0 0 0 0 0 0 0 0 0 0 0 0 0 0 0 0 0 0 0 1 0 -5 0 0 3 3 0 0 -5 0 2 0 -1 0 0 0 0 0 0 0 0 -4 0 2 0 1 -1 -4 0 0 0 0 0 0 4 0 0 0 0 0 0 -2 0 0 0 0 0 -2 3 0 0 0 -4 0 0 0 0 0 4 0 5 0 0 0 0 -5 0 0
-5 0 0 3 -2 0 0 -1 0 0 0 -5 0 0 -1 0 0 4 0 0 0 0 3 0 0 -4 0 0 0 0 0 0 0 0 0 0 0 0 0 4 0 0 0 -1 0 -1 -4 1 -4 0 0 0 0 1 0 0 0 -5 0 0 0 0 0 -3 -1 0 5 0 4 0 0 -1 0 0 0 0 0 -1 0 0 0 1 1 0 0 0 0 0 0 0 0 4 0 0 0 0 0 0 0 0 0 0 0 0 1 1 -3 -3 0 4 0 0 0 0 -2 1 0 0 0 0
5 0 0 0 0 0 -4 0 0 0 0 0 0 0 0 0 0 -4 3 -1 0 3 -5 0 0 0 0 0 0 0 0 1 0 -2 0 0 0 0 0 0 0 0 -3 0 0 0 0 0 0 0 0 0 0 0 0 0 0 0 0 0 5 0 0 0 0 0 0 0 -5 0 0 0 0 1 -5 0 0 0 0 0 0 0 0 0 0 0 0 4 0 0 0 0 0 0 -2 -2 0 0 0 4 0 2 3 0 0 0 1 0 0 0 0 0 0 0 0 -3 0 0 0
-9 0 0 0 0 -1 1 0 0 0 0 0 0 0 0 0 0 -1 0 0 0 -2 1 0 3 5 0 0 0 0 2 0 0 0 0 4 0 0 0 0 0 0 0 1 0 0 0 0 0 0 0 0 0 0 0 2 0 0 0 0 0 0 0 2 0 -3 0 -4 0 0 0 0 0 0 0 2 0 0 0 -4 -3 0 0 0 0 0 0 0 1 0 0 4 0 4 0 0 0 0 0 0 0 0 0 0 0 0 0 0 0 0 0 0 0 0 0 0 0 0
-4 -3 0 -3 0 0 0 -5 0 0 0 0 1 0 0 0 0 0 0 0 2 0 -5 0 0 0 -4 0 0 0 -4 0 0 0 0 5 0 0 0 0 0 0 -3 0 0 1 0 0 0 0 0 0 0 0 0 0 0 0 0 0 0 0 2 0 0 0 0 0 0 0 0 0 5 0 0 0 5 0 0 0 0 0 0 0 0 0 0 0 0 0 0 -1 0 0 0 0 1 -4 0 0 0 0 0 0 -4 0 0 0 0 -2 -5 0 0 -3 0 0 0
6 0 0 0 0 0 0 0 0 -3 0 0 0 0 -1 0 0 0 0 0 -4 0 0 0 0 0 0 0 0 0 4 0 0 0 0 0 0 0 0 0 3 0 0 -1 0 0 0 0 0 0 0 0 0 0 4 0 0 0 0 0 0 0 -1 0 3 0 0 1 0 2 0 0 0 0 0 0 0 -3 0 0 0 0 0 -3 0 -4 0 4 4 0 0 0 0 0 0 0 0 0 0 0 0 0 0 0 0 0 0 3 0 -5 0 0 0 0 0 0
3 -3 -2 0 -3 0 0 0 0 0 5 0 0 0 0 0 0 2 -5 0 0 1 0 0 0 0 0 0 0 -2 0 -5 0 0 0 0 0 0 -4 0 0 0 2 0 0 0 0 -4 0 0 5 0 0 0 0 0 0 0 3 0 0 0 0 1 0 -2 -1 2 0 0 0 0 0 0 0 0 0 0 0 2 0 0 0 0 0 0 3 0 0 0 0 0 0 0 0 -1 0 0 0 2 0 1 0 0 0 0 4 0 0 0 -4 0 0 0 0
6 0 0 0 0 0 0 0 0 -3 0 0 0 5 0 0 0 0 0 1 0 0 0 0 0 -1 0 0 0 0 0 0 0 -5 0 1 0 0 0 0 0 0 0 0 0 -1 -2 0 3 2 5 0 0 -3 1 -1 -3 0 0 0 2 0 0 0 0 0 0 0 0 0 0 0 0 0 0 0 0 0 0 -4 0 0 3 0 0 0 -2 -2 3 0 0 0 4 0 0 0 0 0 0 0 0 0 3 0 0 0 -1 0 -5 -1 0 0 0 3
-6 0 0 0 0 0 0 0 0 0 0 0 0 0 0 0 0 -4 0 1 0 0 0 0 -3 -3 0 0 0 0 0 0 0 0 0 0 0 0 0 0 4 0 0 0 0 0 2 0 0 0 0 -4 0 2 0 0 0 0 0 0 0 0 3 0 0 0 0 0 0 2 0 0 0 0 4 0 0 0 0 0 3 0 3 0 0 0 0 0 0 0 0 -4 0 -2 0 0 0 -4 0 0 0 -1 0 0 0 0 0 -2 1 0 0 0 0
-5 0 0 4 0 0 0 0 -1 -2 0 0 0 0 4 0 0 0 0 1 -2 2 0 0 0 0 0 0 1 0 0 0 0 0 0 0 0 0 0 0 0 0 0 0 -1 0 0 0 0 -2 0 0 0 0 0 0 0 0 0 0 0 0 0 1 1 0 0 0 0 1 0 0 0 0 0 0 -1 0 0 -3 0 0 1 4 0 1 0 0 4 0 -2 0 0 0 0 0 0 0 0 0 0 0 0 0 0 -3 4 0 0 0 0 0
-10 0 0 0 0 0 0 -1 0 1 0 3 0 1 0 -5 0 0 0 0 0 0 0 0 1 0 0 0 0 0 -4 0 0 2 0 0 0 0 0 0 0 0 0 0 0 0 0 0 -1 1 0 0 -1 4 0 0 -4 0 0 0 0 0 0 0 -4 0 0 -4 2 0 0 0 0 0 0 0 0 -1 -4 0 0 0 0 0 0 0 0 0 3 0 0 0 0 0 0 -4 1 0 0 0 0 -3 0 0 0 0 0 0 0 0 0
10 2 0 0 0 0 0 0 0 0 0 -4 0 0 0 0 0 0 0 0 0 0 0 0 1 0 0 0 -2 0 -2 0 4 -2 0 0 0 0 0 0 0 0 0 0 -4 0 0 0 0 0 -1 0 0 -2 4 0 -1 0 -1 0 0 0 0 -1 0 0 0 1 0 -4 3 0 0 0 -2 1 4 0 0 0 -4 0 2 0 0 0 0 0 0 0 0 4 0 0 0 0 0 -4 0 0 0 0 0 0 0 -5 -1 -2 0 0
-1 0 0 0 0 0 0 0 0 0 0 0 0 5 0 0 0 2 0 0 0 0 0 0 0 0 0 0 3 0 0 0 -4 1 0 0 0 2 0 0 0 0 0 0 0 0 5 0 0 0 0 0 0 0 0 0 0 0 0 0 0 0 0 0 3 0 0 0 0 0 0 0 0 0 0 0 0 0 0 0 0 -4 0 0 0 0 0 0 2 3 0 0 1 0 0 5 0 0 0 0 -5 0 0 0 0 0 -1 0 0
1 1 0 0 0 1 0 0 0 0 0 0 5 0 1 0 0 4 0 0 0 0 4 0 0 0 0 0 0 0 0 0 1 0 0 0 0 0 0 0 0 0 0 0 0 4 0 0 0 0 0 0 5 0 0 0 0 0 1 5 0 -2 0 -3 0 4 0 0 2 0 0 0 0 0 0 0 0 -1 0 0 4 0 0 0 1 0 0 4 0 -4 0 0 0 4 0 0 4 0 0 0 0 0 0 0 0 0 0 0
-2 -1 0 0 0 0 0 0 0 0 0 0 0 0 0 0 0 -3 0 0 0 0 -3 -2 0 0 0 5 0 0 0 0 0 1 1 -5 0 0 0 0 0 0 0 0 0 0 0 0 0 0 0 0 -4 0 -1 1 0 0 0 0 0 0 0 -1 0 0 0 0 0 0 0 0 0 0 0 0 0 1 0 0 0 0 0 0 0 0 0 -1 0 0 0 0 0 0 0 0 0 0 -2 0 0 0 -5 0 0 0 0
9 0 0 0 0 0 0 0 2 0 0 0 5 0 0 -5 0 0 0 0 0 0 0 0 0 0 3 0 0 2 0 0 0 0 0 0 0 0 0 0 -1 0 -4 1 0 0 -4 0 0 0 0 1 0 0 -3 0 4 0 0 0 0 0 0 0 0 0 0 0 0 0 0 0 0 0 0 0 1 0 3 2 0 0 0 0 0 0 0 0 0 0 0 0 0 0 2 -2 0 5 0 0 0 -1 0 1 0 0
-3 0 0 0 0 0 0 -1 0 0 0 0 0 0 0 0 1 0 0 0 0 0 0 0 0 0 0 0 0 0 0 0 1 0 0 0 0 -4 2 0 0 0 -1 0 0 1 0 0 0 -5 0 0 0 0 0 0 0 0 0 0 0 0 0 -1 0 1 0 0 0 4 0 0 -3 0 0 0 0 0 0 -4 5 0 0 0 0 0 2 0 0 0 0 0 0 0 0 0 0 2 -1 0 0 0 0 -2 -2
10 0 0 0 0 0 0 -5 0 0 4 0 -4 0 0 0 2 0 5 0 -1 -1 0 0 0 0 0 0 0 0 0 0 0 5 0 0 0 0 0 0 0 0 0 0 -3 2 0 0 0 0 0 0 0 -5 0 0 0 0 0 0 0 0 0 0 0 0 0 0 0 0 0 0 0 0 0 3 0 0 0 0 0 0 0 4 0 5 0 -1 0 0 0 0 -1 3 0 0 0 0 0 0 0 0 0 0
8 0 0 0 0 0 0 0 -5 3 4 0 0 0 3 0 0 0 0 0 0 0 0 -3 1 0 0 0 0 0 0 0 0 -1 0 -5 0 -3 0 0 0 0 0 0 0 4 0 0 0 0 3 0 0 0 0 0 0 0 0 -3 0 5 0 0 0 -5 0 0 0 0 4 0 0 2 0 0 0 0 -4 0 0 -4 0 0 4 0 -5 0 -4 0 0 0 -4 0 0 0 0 0 0 0 0 0 0
7 -5 0 0 0 0 0 5 0 0 3 0 4 -5 0 0 1 0 0 4 4 -1 -2 0 0 0 0 0 0 0 0 0 0 0 0 0 0 0 0 0 0 0 0 0 0 0 0 0 3 0 0 -5 0 0 0 0 0 -1 0 0 0 0 0 0 0 4 0 0 0 0 0 0 0 0 0 0 0 0 0 0 0 0 0 0 -1 0 0 0 0 3 0 0 -3 1 0 0 -5 0 0 0 3 0
-1 0 4 5 4 0 0 0 0 0 0 0 0 0 0 1 0 0 0 0 0 0 0 0 0 0 0 0 0 0 5 0 5 0 -2 0 0 0 0 0 0 -5 0 0 0 0 4 -1 0 0 0 0 0 0 0 -3 2 0 2 0 0 3 0 0 5 0 0 -1 0 0 0 0 -1 0 -2 0 0 0 -5 0 0 -2 0 -3 0 0 -4 0 0 0 0 0 0 0 0 0 0 -1 0 0 0
-7 -3 0 0 0 0 -4 0 5 0 -1 0 0 0 -2 -5 0 0 0 0 0 0 0 0 0 -3 0 0 0 0 0 0 1 0 0 -2 0 0 0 0 -4 0 0 0 0 0 0 0 4 0 0 0 0 0 0 0 0 5 0 0 -4 0 0 0 0 1 1 -3 0 0 0 0 4 3 -4 0 -3 5 -1 0 0 0 0 4 0 0 0 0 0 0 0 0 -4 -4 5 0 4 0 0 0
-2 -3 4 -2 0 0 0 0 0 0 2 0 -5 0 0 0 0 1 0 0 0 0 0 3 0 0 0 0 0 -1 0 0 3 -1 0 0 1 1 0 0 0 0 0 0 0 0 0 0 0 0 0 0 0 0 -1 0 0 4 0 0 0 -3 0 -1 -1 0 1 5 -1 0 0 0 0 0 0 0 0 -2 0 0 4 0 0 0 -3 0 -1 0 0 0 0 -5 0 0 0 0 0 0 0
3 0 0 0 0 4 -2 0 0 3 0 0 0 0 0 0 0 0 0 0 0 -1 0 0 0 0 0 4 0 0 0 0 0 0 0 0 -1 0 0 0 0 0 0 -4 0 0 0 0 0 2 0 1 0 0 0 0 0 0 0 0 0 0 0 0 0 0 0 0 0 0 0 0 0 0 4 -1 0 -5 0 -1 0 -1 0 0 0 0 0 0 0 0 0 0 0 0 0 0 0 0
4 3 0 0 4 0 0 4 1 0 0 0 0 5 0 5 0 0 0 0 4 -4 2 0 5 0 -2 0 0 0 0 0 0 0 0 0 1 0 0 4 0 0 0 0 0 0 0 0 5 0 0 0 0 -4 0 0 -5 0 0 -2 0 0 0 0 0 0 0 0 3 0 0 -1 0 0 0 0 0 0 0 0 0 0 0 -5 0 4 0 -3 0 0 0 0 0 2 3 0 0
-4 0 0 0 0 0 0 -5 0 0 0 0 3 0 0 0 0 0 0 0 5 0 -1 0 0 0 0 0 0 0 0 0 0 0 0 -2 0 0 0 0 0 -2 -1 0 0 0 0 0 0 0 0 0 0 0 0 0 0 0 0 0 0 3 5 0 5 0 -3 0 0 0 0 -5 0 2 0 0 0 0 0 -1 1 1 0 0 0 0 0 3 0 0 0 0 -2 0 0 0
8 0 0 0 0 0 0 -4 0 0 0 0 0 0 4 4 0 0 0 -2 0 0 0 0 0 0 0 0 -1 0 0 0 0 0 0 0 0 0 0 1 0 0 0 0 0 0 0 0 -4 -1 5 0 0 0 0 0 0 -4 0 0 0 0 0 0 0 0 0 0 3 0 0 0 0 0 0 0 0 0 0 0 0 -2 0 0 -4 0 0 0 0 1 -4 -5 0 4 0
9 1 0 0 0 0 -4 0 0 0 0 0 0 0 0 0 0 0 0 0 -5 0 0 0 0 0 0 0 2 0 -1 0 0 0 0 0 0 0 0 0 0 0 0 0 0 0 0 0 2 0 0 0 0 0 0 0 0 0 1 0 0 0 0 0 0 0 0 0 -2 1 4 0 0 0 0 0 1 0 0 0 0 0 0 0 0 -2 0 0 0 0 0 0 0 0
-1 0 0 0 0 0 0 0 -2 0 0 0 0 0 -2 0 0 3 0 0 0 0 0 0 -3 0 -5 5 0 0 0 0 0 0 0 0 0 0 0 0 0 0 0 0 0 -2 0 0 -3 0 -1 -4 -2 0 0 0 0 5 0 0 0 0 0 0 0 0 0 0 0 5 0 0 0 0 -2 0 0 0 1 0 0 0 0 0 0 5 0 0 -3 0 0 0 0
-7 0 0 0 0 0 5 0 0 0 0 0 0 0 0 0 1 0 0 0 0 0 0 0 0 0 0 0 -5 0 0 0 0 0 0 4 4 0 0 0 0 0 0 0 0 1 0 -2 0 0 0 0 -3 0 0 0 -3 4 0 0 0 0 0 0 0 0 -5 0 0 0 0 0 0 0 -1 -1 0 0 -1 0 0 -3 0 0 0 -3 0 0 0 0 -3 0
6 0 5 0 0 0 0 0 0 0 0 0 0 0 0 0 0 0 0 -4 0 0 0 0 0 0 -1 -2 0 0 0 0 0 0 0 0 0 0 0 0 0 0 0 0 -1 0 0 0 0 0 0 0 0 0 0 0 0 0 0 5 0 0 0 0 -4 0 0 0 0 -3 0 0 0 0 0 0 0 0 0 2 0 0 0 0 0 0 0 0 0 0 0
-10 0 0 -5 -4 0 0 0 -5 0 0 0 0 0 0 0 0 0 0 0 0 0 0 0 0 0 0 0 1 0 0 0 0 0 0 0 0 0 -4 0 0 -5 0 0 0 0 0 0 0 0 0 0 -1 4 0 0 0 0 0 0 0 5 0 1 0 0 0 0 2 0 0 0 -1 0 0 -1 0 0 0 0 -5 0 0 -1 0 0 0 0 0 5
-9 1 5 0 0 0 4 0 0 0 0 -5 0 0 -4 0 -4 0 0 1 0 0 0 0 0 0 0 0 0 0 0 0 3 0 0 2 0 0 0 0 0 0 5 0 -2 0 0 0 -3 0 -1 1 0 0 0 0 0 0 0 0 0 0 0 0 0 2 0 0 0 0 0 0 0 0 0 0 0 0 0 0 0 0 0 0 0 0 1 1 0
10 0 2 0 0 0 -5 0 0 0 0 4 0 0 0 0 0 0 3 0 0 0 0 0 0 1 -5 0 -4 0 0 0 1 0 0 0 0 0 0 0 0 4 0 0 0 0 0 0 0 0 0 0 0 0 -4 0 0 0 0 0 0 0 0 0 0 0 0 2 0 4 0 0 0 0 0 0 0 0 0 -3 0 0 3 1 0 2 0 0
-2 0 3 0 0 0 1 0 -1 0 0 0 0 0 0 0 0 2 0 -4 0 0 0 0 0 0 0 0 0 0 -2 0 4 0 0 0 0 0 0 -5 3 0 0 0 0 0 0 0 0 0 5 0 0 0 0 0 -3 0 0 0 0 -2 0 0 0 0 0 0 1 0 0 0 0 0 -5 0 0 0 -2 0 0 0 0 0 0 0 0
-5 0 -3 0 0 0 0 0 0 0 0 0 5 0 0 0 0 0 0 -4 0 0 3 0 3 -3 0 0 5 0 0 0 -3 0 0 0 0 0 0 0 0 0 0 0 -5 0 2 0 0 0 0 0 0 -1 0 0 0 -4 0 0 5 0 0 0 0 0 0 0 0 0 0 0 0 0 0 5 -1 0 0 0 0 0 5 -5 0 0
-10 0 0 0 0 5 0 0 0 0 0 0 0 0 0 0 0 0 0 0 0 0 0 0 0 1 -1 0 0 0 0 0 0 0 -5 0 0 1 0 0 0 -5 -4 0 0 0 4 0 0 0 0 0 0 0 0 0 0 0 0 0 0 0 -3 3 0 0 2 -3 0 0 0 0 0 0 3 0 0 -2 0 0 0 0 0 -1 0
-2 0 0 0 0 0 0 0 0 5 0 0 0 0 -3 0 0 4 0 0 0 4 -3 0 -3 0 0 0 0 0 -1 -4 0 0 0 0 0 0 0 0 0 -1 0 0 0 -2 0 0 0 -3 0 0 5 5 5 -3 0 0 0 0 0 1 0 -5 0 3 -5 0 0 0 0 0 0 0 0 0 2 0 0 0 0 3 0 0
-2 -3 0 0 0 0 0 0 0 0 0 0 0 0 2 5 0 0 0 0 0 0 0 0 0 0 1 0 0 0 0 0 0 0 0 0 0 0 0 0 0 0 0 0 0 0 0 0 0 0 0 0 0 0 0 0 0 0 0 0 0 -1 0 0 0 5 -3 -1 4 4 0 0 -1 1 0 -1 0 0 -4 4 0 4 0
7 2 0 0 -1 0 0 0 3 0 -1 0 0 0 0 0 0 0 0 0 0 0 0 0 0 0 0 0 0 0 0 0 0 0 0 1 0 0 0 -2 0 -2 0 -5 0 0 -3 0 0 4 2 -3 0 0 0 0 -1 -1 0 0 2 0 0 4 0 0 -5 0 0 0 2 3 0 0 0 0 0 0 0 0 -1 0
-5 0 0 0 5 0 -1 -3 0 0 0 0 0 3 0 0 0 0 0 0 0 0 0 0 5 0 0 0 0 0 0 0 0 0 3 0 0 0 0 0 0 0 0 0 0 0 0 0 0 0 0 0 0 -1 0 4 0 -4 0 0 0 0 0 0 -1 0 0 0 0 0 0 0 0 0 4 0 0 2 0 0 0
-5 0 0 0 0 3 0 0 0 0 0 0 0 0 4 0 0 0 -2 0 0 -1 0 -5 0 0 0 0 0 0 0 4 0 0 0 0 0 0 0 0 0 0 0 0 5 0 -4 0 0 -2 0 0 0 0 2 0 1 0 0 0 0 0 0 0 0 4 0 -3 0 0 0 2 0 -4 0 0 0 4 0 0
1 0 0 0 -2 -5 0 0 0 0 3 0 0 1 0 -1 0 0 5 0 0 0 0 0 0 0 0 5 0 0 0 0 0 0 0 1 0 0 0 0 0 0 0 2 0 0 0 4 0 0 0 0 0 0 0 0 0 0 0 0 -4 0 0 2 0 0 0 0 0 0 0 0 0 0 0 0 0 2 0
7 0 5 3 4 0 1 0 0 0 0 0 -4 0 0 0 0 0 0 -1 0 0 0 0 0 0 -4 0 0 0 0 0 0 0 5 0 0 0 0 0 0 1 0 -2 0 0 0 1 0 0 -4 0 0 0 0 0 1 0 0 0 0 0 0 0 -4 0 0 0 0 0 0 0 0 0 0 0 0 0
8 0 0 0 -3 0 0 5 0 -3 0 0 0 0 0 0 0 -1 0 -4 0 0 0 0 -5 2 0 0 -3 0 0 0 0 0 0 -2 0 0 0 0 4 0 4 0 0 0 -3 0 0 0 0 2 0 0 0 0 -3 -5 0 -3 0 0 0 -4 0 0 4 1 0 0 0 0 0 0 0 0 0
2 2 0 0 0 0 4 0 0 0 0 5 0 0 0 4 0 0 0 0 0 0 0 0 1 2 5 -5 0 0 0 0 -2 0 0 0 0 0 0 0 0 0 0 0 0 1 -2 0 0 0 4 0 0 0 0 1 0 0 -2 0 -2 0 0 0 0 0 0 0 0 -1 0 0 0 0 0 0
8 0 0 0 0 0 0 4 0 0 4 0 0 0 5 0 0 0 0 -5 2 0 0 0 0 0 0 0 0 0 0 0 4 0 0 0 0 0 0 0 0 0 0 0 0 0 0 0 0 0 0 -5 5 0 0 0 -5 0 0 0 5 0 5 0 0 0 5 0 0 0 0 -4 0 0 0
-9 1 -2 0 2 0 0 0 0 0 0 0 -3 0 0 0 0 0 0 -3 0 0 0 0 0 0 0 -1 0 0 0 0 -1 2 0 0 0 3 -1 0 0 1 0 0 0 0 2 0 0 0 0 0 0 -3 0 0 0 0 0 0 0 -1 0 0 0 0 0 0 3 0 3 5 0 5
-7 0 0 0 0 2 0 0 0 0 0 0 0 0 0 0 0 0 0 0 0 0 0 0 0 0 0 0 -5 0 0 0 -2 0 -4 0 -2 3 0 0 0 0 0 2 0 0 0 0 -1 0 0 0 0 0 0 0 -1 0 0 0 2 0 4 0 0 0 0 -1 0 0 0 0 -5
9 0 0 0 0 0 0 4 -3 0 0 0 0 -4 0 0 0 -2 0 0 -4 0 0 0 0 5 0 0 0 -1 0 4 0 0 -4 0 0 0 0 0 0 0 0 0 0 0 2 0 0 0 0 0 0 0 0 0 0 -4 0 0 0 0 0 0 0 0 0 0 2 1 -1 0
-1 0 0 0 0 0 0 -3 5 0 0 -1 0 0 0 5 0 -5 0 3 0 -4 0 0 0 0 0 0 2 0 0 0 0 0 0 -5 0 0 -1 -5 0 0 0 0 0 4 0 0 0 3 0 0 0 0 0 0 0 0 0 0 -1 0 0 0 4 0 0 0 0 -1 -1
7 0 0 0 0 4 0 0 1 0 0 0 0 0 0 0 1 0 0 0 0 0 0 0 0 0 0 1 0 2 0 0 -3 0 0 5 4 0 0 0 0 0 0 3 0 0 0 3 0 -5 0 0 0 2 0 0 0 0 0 0 0 -2 0 0 0 3 -5 0 5 4
-6 0 5 0 0 0 0 0 0 0 0 0 0 0 0 0 0 0 0 0 0 0 0 0 0 0 0 -1 0 -1 0 3 1 0 0 0 0 0 0 0 0 0 0 0 0 0 0 0 1 0 0 5 0 0 0 0 0 0 3 -1 0 0 0 1 0 0 0 0 0
-10 0 0 -4 0 0 -1 0 0 0 0 0 0 0 0 0 -5 0 0 0 0 0 0 -1 0 5 0 0 0 0 0 0 0 2 0 0 3 0 0 0 -3 -2 0 2 0 0 0 0 3 0 0 0 0 0 0 0 1 0 0 0 0 0 1 0 0 4 0 1
9 0 0 0 0 0 0 0 -4 0 0 0 0 0 0 0 0 0 -3 -4 0 0 0 1 0 0 0 0 0 -2 4 0 0 0 5 0 0 0 0 0 0 0 -5 0 0 0 -2 3 0 0 -1 0 -4 0 -4 0 0 0 0 0 0 0 0 0 0 1 0
7 0 1 0 0 0 0 0 0 -2 0 0 0 0 -5 -4 0 0 0 0 0 -1 0 0 0 0 0 0 -4 0 0 -2 0 0 0 0 0 0 0 5 0 0 0 2 0 0 3 0 0 0 0 0 0 -1 1 0 0 0 0 0 0 0 0 4 0 0
-7 0 0 0 0 0 -4 0 0 0 0 1 0 0 -2 0 -3 0 0 0 0 -2 0 0 0 0 0 0 0 3 0 0 0 0 0 0 0 0 0 0 0 0 0 5 0 0 0 0 5 0 0 0 0 2 3 0 1 0 0 0 0 0 0 0 0
-7 0 0 0 0 0 0 0 0 0 0 0 0 0 0 0 0 0 0 0 0 0 0 0 0 0 0 4 0 -2 0 0 -3 0 0 0 -1 0 0 0 -2 0 -1 0 5 0 0 0 0 0 -1 5 0 0 0 -2 0 0 1 0 0 -4 3 2
-7 0 0 -5 0 0 3 0 0 0 0 0 0 0 0 0 0 0 -5 3 0 0 0 0 1 0 -5 0 0 0 0 0 0 0 0 5 0 2 0 0 -1 0 0 0 0 0 -3 0 0 0 0 0 0 0 0 0 0 0 -2 0 3 0 0
-10 -5 0 0 -1 0 -5 0 0 0 0 0 0 -2 0 1 0 0 0 -5 0 0 0 0 0 4 0 0 0 0 0 -1 -2 0 0 0 4 0 2 0 4 0 0 0 4 0 3 0 0 0 0 0 0 0 0 -1 -4 0 0 0 0 1
-6 0 0 -4 0 0 0 0 3 0 3 0 0 0 -2 0 0 0 -4 0 0 0 -2 0 0 0 0 0 0 0 0 0 0 0 0 -5 0 0 0 0 0 0 0 -1 0 0 0 -1 0 0 0 0 0 0 0 0 -4 0 0 0 -2
8 0 0 0 0 0 0 0 0 0 0 0 0 0 -2 0 0 0 0 0 0 0 0 5 0 0 0 0 0 -1 0 0 0 0 0 0 -1 -1 0 0 0 0 -1 0 0 -2 0 0 0 0 -3 0 0 0 0 -2 -3 0 0 -1
-4 0 0 0 0 -5 -3 0 0 0 -4 1 0 0 2 0 0 5 0 0 5 0 0 0 0 0 -3 0 0 -1 0 0 0 0 0 0 0 2 0 0 0 0 0 0 0 0 0 0 5 -3 0 -5 0 0 0 0 0 0 0
6 0 0 0 0 -2 2 0 0 0 0 -5 1 0 0 0 0 0 0 0 0 0 0 -2 0 0 0 0 0 0 -2 -1 -4 3 -4 0 0 0 0 0 0 -2 0 1 -2 0 0 4 0 0 -3 0 0 0 0 0 0 0
7 0 0 -5 -5 4 0 0 0 0 0 0 0 0 0 0 0 2 0 0 0 0 0 4 0 0 -5 4 0 0 0 0 -4 0 4 0 0 0 2 0 0 0 1 0 1 0 2 0 0 0 0 0 0 0 0 -5 0
-2 0 0 0 0 -5 0 0 0 0 -3 0 -3 0 0 0 5 0 0 0 -1 0 0 2 0 -2 0 0 0 0 0 0 -3 0 0 -1 0 0 0 -4 0 0 0 0 0 0 0 4 0 1 0 0 0 2 0 0
-1 0 0 0 0 -3 3 0 0 0 0 1 0 0 0 0 0 0 0 0 0 0 2 5 -2 0 0 3 0 -4 0 0 0 0 0 0 0 1 0 0 0 0 0 5 0 0 0 0 0 4 0 0 0 0 -2
-4 -3 0 0 0 0 0 0 -2 -2 0 0 0 2 0 5 0 0 0 3 0 0 0 0 0 4 0 -4 0 2 0 0 0 0 1 0 0 0 0 0 0 0 0 0 0 5 2 3 0 0 0 0 0 0
-1 1 0 0 3 0 0 0 0 0 0 0 0 0 0 0 0 0 0 -3 0 0 0 -4 -5 0 -1 0 1 0 0 0 0 0 5 0 -4 0 0 0 -1 0 0 0 0 0 1 0 0 -1 0 0 0
1 0 2 4 0 0 0 0 0 2 0 0 0 0 0 0 0 0 0 3 0 0 1 1 0 0 0 0 0 -1 0 0 0 -5 -4 0 0 0 5 0 0 0 0 0 0 0 0 0 0 0 -4 3
6 0 0 -5 0 0 0 0 0 0 5 5 0 3 0 0 0 0 0 0 3 0 0 0 0 0 0 0 1 0 0 0 0 0 0 -4 0 0 -4 0 0 3 2 0 0 0 0 0 0 0 0
-6 0 0 -4 0 0 1 0 0 0 5 1 4 1 0 0 0 0 0 0 0 0 0 1 0 5 0 0 0 0 0 0 0 0 0 0 0 5 0 0 0 0 0 0 -5 0 0 -5 0 0
2 0 0 0 0 0 -2 -2 0 0 0 0 0 0 0 0 -1 0 0 0 -2 0 0 3 0 0 -2 0 0 0 0 -1 0 0 -4 0 0 0 0 0 2 -1 -4 0 0 0 0 0 -3
7 0 0 0 0 -1 3 0 0 0 -3 0 0 2 0 -3 0 -3 -3 0 -4 0 0 0 0 0 0 0 0 0 4 0 3 0 0 3 0 0 0 0 -1 0 0 0 0 0 0 0
1 0 0 0 0 0 -3 1 0 0 0 0 0 0 0 0 0 0 0 0 2 0 0 0 0 0 0 0 0 0 0 0 0 0 0 0 -4 0 5 0 0 0 -4 0 0 0 0
1 -2 0 -4 0 0 0 0 0 0 0 4 2 0 0 0 0 -4 0 0 0 2 0 0 0 -2 1 0 1 0 0 0 0 0 0 0 0 0 0 5 0 0 0 0 0 0
5 0 0 0 0 -2 0 0 0 2 0 0 5 0 0 0 0 0 2 0 0 0 0 -5 0 0 1 0 -2 0 0 0 0 0 0 0 0 0 0 0 0 0 3 5 0
1 0 0 0 0 4 0 0 2 -4 0 0 0 0 0 0 0 -1 0 0 0 0 3 0 0 0 1 0 0 0 0 0 -1 0 0 0 0 1 0 -3 0 4 0 0
-4 0 2 0 0 0 0 0 0 4 -5 0 0 -4 0 0 0 0 0 0 0 0 0 0 0 -3 0 0 0 0 0 0 -5 0 3 0 -1 0 0 0 1 0 5
1 0 1 0 0 0 0 0 0 -2 0 0 0 0 0 0 0 0 0 0 0 0 -4 0 0 -1 1 0 0 0 1 0 -1 0 0 2 0 0 3 0 0 0
8 4 0 0 0 0 0 0 0 0 1 -4 0 0 0 0 0 0 0 0 0 0 0 0 0 -4 0 0 -2 0 0 0 0 0 0 0 0 0 0 0 0
-5 0 0 0 0 0 3 0 0 0 0 0 0 0 0 0 0 -1 0 0 2 -5 0 0 -2 2 0 0 0 -4 0 3 0 1 0 -3 0 0 0 0
-2 0 -4 0 0 0 -5 -3 0 0 0 0 1 0 -2 0 0 1 3 0 0 0 0 0 -4 -3 0 -1 0 0 0 0 0 0 0 0 0 0 3
9 1 0 0 4 0 0 0 0 0 -5 0 0 0 0 0 0 0 0 0 0 0 0 0 0 0 0 3 -4 0 0 0 0 0 0 5 0 0
8 0 0 -3 0 2 0 0 0 0 0 0 1 -1 0 -3 0 -4 -5 0 0 0 0 0 0 1 0 0 0 0 0 0 0 0 0 -5 0
-1 0 0 0 0 0 0 0 0 0 0 0 0 0 0 0 4 3 0 -1 2 0 0 0 0 0 0 0 0 0 0 0 -4 1 -3 0
-6 0 0 0 0 0 0 0 0 0 0 0 0 0 1 0 0 0 0 0 0 1 0 4 0 -2 0 0 0 0 0 0 0 0 0
9 -5 1 0 0 0 0 -3 0 -5 -1 0 2 0 0 0 0 0 0 0 0 1 0 0 0 3 0 0 0 0 0 0 0 0
2 -5 0 0 0 -2 0 0 0 0 0 0 0 0 0 0 0 0 0 0 0 0 0 0 0 0 -2 -2 0 0 4 0 0
-6 0 5 0 4 0 -3 -1 -2 0 0 0 -1 0 0 0 0 0 0 0 0 0 0 5 2 1 0 0 0 0 0 0
-1 0 0 0 0 0 0 0 0 0 0 0 0 -3 0 0 4 0 0 0 0 0 0 0 0 2 0 2 0 0 0
-8 5 0 0 0 3 4 0 0 -3 0 0 0 -1 0 0 0 0 5 0 0 -1 0 0 0 0 0 0 0 0
-8 0 0 0 -1 0 0 0 0 0 1 2 -3 0 0 0 0 0 0 0 -2 0 0 0 -5 0 2 0 1
9 0 -1 4 0 0 0 0 0 1 0 0 0 0 0 0 0 0 0 0 0 0 0 0 0 0 0 1
-6 0 0 0 0 0 0 0 0 0 0 0 5 0 0 0 0 0 0 -4 1 -3 0 -5 0 0 0
-5 0 0 0 0 0 0 0 0 0 0 0 1 0 0 -1 0 0 0 0 0 0 0 0 0 0
7 0 0 0 0 0 0 0 0 0 0 0 -1 0 0 0 0 0 0 0 0 -3 4 0 0
3 0 0 0 0 0 0 0 0 -1 0 0 0 -1 0 0 0 0 0 0 0 0 0 0
-6 0 0 0 0 0 -4 -4 0 0 0 0 0 0 0 -1 2 4 0 0 0 0 0
2 0 0 0 0 -2 0 0 0 0 0 0 0 0 0 0 0 5 0 -4 0 0
-1 0 0 0 0 3 0 0 0 0 0 0 0 0 0 0 5 0 0 0 0
-8 2 0 0 0 0 0 0 0 0 0 0 0 2 0 0 0 0 0 0
-8 0 0 0 4 0 0 0 0 3 0 0 0 0 -5 1 0 0 0
6 0 0 0 0 0 -3 0 0 0 0 2 0 0 2 0 2 0
-1 0 1 0 0 0 1 0 0 0 0 0 4 0 0 0 -1
9 0 0 0 0 0 0 0 0 0 0 0 1 -3 0 4
-5 0 0 1 -5 0 0 0 0 0 0 -5 -4 0 0
7 0 0 0 0 0 -3 0 0 0 0 0 0 -1
-1 0 0 -1 0 0 0 0 0 2 3 0 0
-4 0 0 0 0 0 0 0 0 0 0 0
1 0 0 0 2 -4 2 0 0 0 0
-5 0 -2 0 0 0 0 0 0 0
-10 2 0 0 -4 0 -2 -2 2
2 0 1 0 0 3 0 1
8 0 -1 0 4 0 0
5 0 0 0 0 0
-5 0 0 0 0
8 2 0 0
6 0 0
-4 0
-1
