50
11 10 5 6 7 6 4 4 12 8 12 13 7 5 10 6 9 7 7 7 8 9 8 6 10 8 6 7 10 5 10 13 9 9 7 7 10 8 7 5 12 5 7 4 7 5 7 7 8 5
2 5 21 22 23 26 30 31 38 43 45
6 14 19 23 24 26 32 42 43 49
3 11 14 15 28
9 10 25 32 34 47
17 19 24 33 38 46 47
13 19 36 39 40 47
9 34 47 48
11 31 36 49
6 11 12 16 25 27 30 34 40 42 45 50
1 2 5 13 32 39 41 46
9 10 14 17 21 29 33 35 44 46 49 50
9 11 15 24 28 30 36 39 41 43 45 47 50
9 23 26 28 31 35 47
3 11 14 26 40
22 25 29 30 34 35 38 47 49 50
11 30 39 40 42 47
2 7 11 20 31 35 37 39 42
9 28 32 34 36 41 45
2 6 20 30 37 43 45
3 11 25 30 33 45 46
5 9 14 18 33 35 44 50
3 4 6 7 21 23 26 32 47
4 5 13 16 17 35 39 49
6 7 9 23 24 36
3 4 7 15 16 18 38 43 44 49
1 3 6 19 24 31 37 48
3 4 11 15 40 41
13 14 16 17 29 35 40
2 3 5 8 10 17 22 25 28 31
3 20 31 34 50
2 13 14 27 32 33 35 41 43 50
5 7 16 19 21 24 28 29 30 32 34 35 44
7 12 18 24 26 28 40 46 50
1 2 4 29 41 43 44 45 50
2 12 20 23 25 45 48
7 9 12 16 33 39 48
12 16 18 22 25 30 34 39 43 48
4 11 23 29 30 32 35 49
4 10 17 21 25 31 35
1 9 11 38 48
1 7 8 13 14 18 24 27 29 31 41 46
2 9 22 33 43
8 13 18 25 26 28 32
17 20 29 48
15 17 19 21 25 29 50
9 24 31 37 40
4 6 9 13 23 35 45
13 21 31 39 41 45 46
3 20 23 25 29 33 34 41
18 19 20 27 39
7 0 0 0 0 0 0 0 0 2 0 0 0 0 0 0 -5 0 0 -4 0 0 -2 0 0 0 -5 0 0 0 0 -1 3 0 2 5 4 0 0 0 0 0 1 -5 0 0 0 0 0 0
6 1 0 0 0 0 0 -4 0 0 0 0 0 0 0 0 1 0 0 0 0 0 -1 0 0 0 0 0 -4 0 0 0 0 2 0 0 0 0 5 2 0 4 0 0 0 2 0 0 0
-4 0 0 0 0 2 4 -5 -5 0 0 -5 0 0 0 0 -4 0 0 0 0 0 0 0 0 0 0 0 0 5 -1 0 0 0 0 0 0 -3 0 0 0 0 0 4 0 0 0 1
10 0 0 0 0 -2 0 0 0 0 0 -5 0 0 0 0 0 0 0 0 0 0 0 4 0 0 0 0 0 0 0 0 0 0 0 0 0 5 0 0 0 0 0 0 3 0 0
9 2 0 0 0 0 -5 0 -3 0 3 0 -1 0 0 0 0 0 0 0 -4 0 0 0 0 0 0 0 0 0 0 0 0 0 0 0 0 1 0 0 0 0 0 -4 0 0
7 0 0 3 0 0 0 0 0 1 0 0 0 0 0 0 0 0 0 0 0 0 -2 0 -3 0 0 0 0 0 -3 0 -3 -4 0 0 -2 0 2 0 0 0 0 0 -2
9 0 0 0 0 0 -1 0 0 0 0 0 0 0 0 0 -2 0 0 0 0 0 0 0 0 0 0 5 0 0 0 0 0 0 0 0 0 0 1 4 -1 0 0 0
10 0 0 2 0 -1 -1 0 0 0 -4 0 0 0 0 0 0 0 0 0 -4 0 -3 0 0 0 0 0 0 0 2 0 0 0 0 0 0 0 0 0 0 0 0
6 0 0 0 0 0 0 4 0 0 0 0 0 0 0 0 0 0 -4 1 0 0 0 0 0 0 -3 0 0 2 0 0 0 0 0 0 0 0 0 0 0 0
8 0 0 0 -5 0 0 -5 0 -1 0 0 0 0 0 2 0 0 0 0 0 -2 0 0 0 0 0 0 0 2 0 0 -2 0 0 0 0 0 0 0 0
-4 0 0 0 0 0 0 1 5 0 0 0 0 0 0 0 0 0 0 0 -1 0 4 4 0 0 0 0 0 0 0 0 0 0 3 0 0 0 0 0
6 0 0 0 0 0 -3 0 0 0 0 0 0 0 0 0 0 0 1 0 -1 0 -3 1 0 0 0 0 0 0 0 0 0 0 0 0 0 0 -2
-10 0 0 0 0 0 0 2 0 0 0 0 0 0 0 -1 0 0 0 0 0 0 0 0 0 0 -5 0 -4 0 0 0 0 0 0 0 0 0
7 0 0 0 0 0 0 0 0 0 0 0 0 0 0 0 0 0 0 0 0 1 0 0 0 -5 0 0 0 0 0 4 0 0 0 0 0
-6 0 0 0 0 5 0 3 0 0 0 5 0 2 5 -1 1 -2 3 0 0 0 0 0 0 0 -4 0 0 1 0 0 0 0 0 0
9 0 0 0 0 0 0 0 0 0 0 0 0 0 0 -4 0 0 -1 0 0 0 -1 -1 0 -5 0 0 0 0 0 0 -1 0 0
8 0 0 0 0 0 0 -2 0 1 0 0 0 0 0 0 0 0 5 0 0 0 0 0 -3 0 0 -3 0 0 0 -5 3 0
6 0 0 0 2 0 0 -3 -1 1 0 4 5 0 0 0 0 0 0 0 0 0 0 0 0 -3 0 0 0 3 0 0 0
9 0 0 0 0 -4 0 0 0 0 0 4 0 0 -5 0 -2 0 0 0 0 0 0 0 0 4 0 0 0 0 0 -3
-3 0 0 0 0 0 0 0 0 -3 0 0 0 0 0 -1 0 0 0 0 0 0 0 0 0 0 0 0 0 0 0
10 0 0 0 0 0 0 0 0 0 -3 0 0 0 0 0 -1 0 0 0 0 0 -1 0 0 0 0 0 0 0
-2 0 0 0 0 0 0 0 0 0 0 0 0 0 -5 0 0 0 0 -4 -5 0 0 0 0 0 0 -5 0
1 -4 0 0 0 0 0 0 0 0 0 0 0 0 0 0 0 0 0 1 0 0 3 3 0 0 0 0
-1 0 0 0 -3 0 0 0 0 0 0 0 -2 0 0 0 0 0 0 0 0 0 -1 4 0 1 0
-9 0 0 0 4 0 0 0 0 0 0 0 5 0 0 0 0 0 0 0 0 0 -3 0 0 -4
6 0 -1 0 0 -3 0 0 0 0 0 0 0 3 -4 -5 0 0 0 0 0 0 0 0 0
5 0 0 0 0 0 2 0 0 0 0 5 0 2 0 0 0 0 0 0 -2 0 0 0
-5 0 -2 0 2 4 0 0 4 0 0 0 -4 0 0 0 0 0 0 -3 0 0 0
-5 0 0 -5 0 0 0 0 0 0 0 5 0 0 0 0 0 0 0 0 0 0
-8 0 0 0 0 0 4 0 0 0 0 0 0 0 0 0 0 0 0 0 0
-10 0 0 0 0 0 0 0 0 0 0 0 -4 0 0 0 0 0 0 0
1 5 0 0 0 0 4 0 0 0 -3 0 0 0 0 -2 0 -5 -2
-5 0 0 0 0 1 0 0 0 0 -2 0 0 0 0 0 2 2
1 0 0 5 0 0 4 0 0 0 0 0 0 0 -2 0 2
-7 -3 0 0 0 0 0 0 2 0 0 0 0 0 0 -1
8 0 0 0 0 0 0 0 0 0 0 0 3 0 4
7 0 0 0 -2 0 0 0 0 0 0 0 -5 -3
2 0 1 0 0 0 -2 0 0 0 0 0 0
5 -5 2 0 0 0 0 0 0 0 -3 0
7 0 0 -4 0 0 -2 0 0 0 0
-1 0 0 -5 0 0 0 0 0 0
-1 0 0 0 0 0 0 0 0
-6 0 0 0 2 -2 0 0
-2 0 5 -1 5 0 0
-4 0 -4 0 0 0
4 0 0 0 0
-9 0 0 0
1 0 0
-1 0
-4
