25
5 3 9 5 9 3 2 6 5 8 5 8 6 4 7 7 6 9 9 5 5 4 2 6 7
14 17 18 19 25
1 9 18
1 6 10 12 14 15 17 18 19
2 6 9 15 19
3 8 9 13 14 16 20 21 22
5 17 23
6 13
3 12 18 20 22 24
3 5 9 20 24
1 6 12 13 15 16 18 23
11 13 14 16 20
1 2 5 11 12 19 21 23
1 5 6 8 12 16
1 3 5 13
2 3 6 7 16 17 21
5 10 16 18 21 23 25
14 17 19 23 24 25
1 9 11 12 15 16 17 22 23
1 2 3 6 13 21 22 23 24
1 4 7 13 18
3 5 12 18 23
6 8 13 20
14 20
2 5 13 16 17 18
2 6 12 15 20 21 23
-9 0 0 0 0 0 0 0 1 0 0 0 0 0 0 0 0 1 0 0 0 0 0 0 0
1 0 0 0 0 0 0 0 0 0 0 0 0 0 0 0 0 0 0 -1 0 -5 0 0
-2 0 0 0 0 0 0 0 0 0 -5 0 0 0 -5 0 0 0 0 0 0 0 0
-2 -1 0 0 4 0 0 -1 0 0 0 0 0 0 0 0 0 0 2 0 0 0
5 -2 0 0 0 0 0 0 -1 0 0 0 0 -3 0 -1 0 0 0 3 0
10 0 0 5 5 0 0 0 0 0 -4 0 0 4 0 0 0 0 0 0
-4 3 0 3 0 -4 0 0 1 0 -4 0 0 0 0 0 0 0 0
10 0 0 0 0 0 0 0 -4 0 0 0 0 0 3 0 0 -5
4 0 5 0 0 3 0 0 0 -2 3 0 0 0 0 0 0
10 0 0 1 0 1 0 0 0 0 0 5 4 0 0 0
-3 3 0 0 0 -1 0 0 0 -1 0 0 -4 -1 0
7 0 5 0 0 0 1 -1 0 0 0 0 -5 0
2 0 0 0 -1 0 0 1 0 0 0 0 0
-5 0 0 -1 0 0 2 0 0 0 0 0
1 0 5 0 0 1 3 0 0 0 0
-8 0 5 0 0 0 0 -3 -1 0
3 0 0 0 0 0 0 0 0
10 0 1 0 0 0 -2 0
8 0 0 0 0 0 0
-6 -4 0 0 0 0
6 4 0 0 0
7 -1 0 0
2 0 0
-6 2
-9
